1000031
1000099
1000100
1000202
1000206
1000251
1000252
1000253
1000254
1000255
1000270
1000271
1000280
1000338
1000362
1000396
1000435
1000441
1000459
1000466
1001255
1001269
1001271
1001272
1001330
1001332
1001334
1001337
1001338
1001345
1001347
1001349
1001350
1001359
1001360
1001361
1001362
1001363
1001391
1001392
1001393
1001413
1001426
1001427
1001430
1001443
1001464
1001465
1001466
1001509
1001510
1001529
1001534
1001535
1001537
1001541
1001592
1001596
1001613
1001656
1001731
1001767
1001843
1001844
1001855
1001857
1001858
1001860
1001861
1004072
1005005
1005006
1005032
1007094
1007095
1007096
1007098
1007099
1007100
1007135
1007144
1007145
1007146
1007147
1007148
1007150
1007151
1007152
1007153
1007159
1007160
1007163
1007164
1007166
1007167
1007168
1007178
1007179
1007190
1007192
1007193
1007194
1007195
1007196
1007197
1007198
1007199
1007200
1007206
1007210
1007218
1007219
1007248
1007249
1007259
1007260
1007261
1008202
1008218
1008240
1008241
1008305
1008306
1008307
1008308
1008309
1008310
1008336
1008368
1008370
1008427
1008428
1008433
1008454
1008460
1008480
1008494
1008496
1008497
1008552
1008577
1008578
1008807
1008827
1008828
1008829
1008850
1008854
1008945
1008946
1100044
1100078
1100079
1100231
1100331
1100415
1100525
1100526
1100545
1100546
1100595
1100596
1100788
1100789
1100790
1100791
1100792
1100798
1100799
1100800
1100801
1100802
1100803
1100804
1100809
1100810
1100811
1100814
1100815
1100816
1100817
1100818
1100845
1100846
1100847
1100848
1100849
1100850
1100851
1100852
1100853
1100854
1100869
1100870
1100874
1100875
1100887
1100888
1100889
1100890
1100891
1100892
1100893
1100894
1100899
1100900
1100901
1100902
1100903
1100904
1100905
1100907
1100908
1100910
1100911
1100912
1100913
1100916
1200001
1516259
1516260
1516261
1518835
1518836
1518837
1518838
1518839
1518840
1518841
1518895
1518896
1518897
1518898
1518944
1518945
1519003
1520023
1520024
1520025
1520026
1520027
1520065
1520066
1520067
1520113
1520114
1520115
1520484
1520485
1520486
1520487
1520488
1520489
1520490
1540021
1540022
1546596
2000000
2000007
2000109
2000136
2000137
2000138
2000139
2000140
2000141
2000142
2000143
2000144
2000145
2000146
2000147
2000148
2000149
2000150
2000151
2000152
2000153
2000154
2000155
2000156
2000157
2000158
2000159
2000160
2000161
2000162
2000163
2000164
2000165
2000166
2000167
2000168
2000169
2000170
2000171
2000172
2000173
2000174
2000175
2000176
2000177
2000178
2000179
2000180
2000181
2000182
2000183
2000184
2000185
2000186
2000187
2000188
2000189
2000190
2000191
2000192
2000193
2000194
2000195
2000196
2000197
2000198
2000199
2000200
2000201
2000202
2000203
2000204
2000205
2000206
2000207
2000208
2000209
2000210
2000211
2000212
2000213
2000214
2000215
2000216
2000217
2000218
2000219
2000220
2000221
2000222
2000223
2000224
2000225
2000226
2000227
2000228
2000229
2000230
2000231
2000232
2000233
2000234
2000235
2000236
2000237
2000238
2000239
2000240
2000241
2000242
2000243
2000244
2000246
2000247
2000248
2000249
2000250
2000251
2000252
2000253
2000254
2000255
2000256
2000257
2000258
2000259
2000260
2000261
2000262
2000263
2000264
2000265
2000266
2000267
2000268
2000269
2000270
2000271
2000272
2000273
2000274
2000275
2000276
2000277
2000278
2000279
2000280
2000281
2000282
2000283
2000284
2000285
2000286
2000287
2000288
2000289
2000290
2000291
2000292
2000293
2000294
2000295
2000296
2000297
2000298
2000299
2000300
2000301
2000302
2000303
2000304
2000305
2000306
2000307
2000308
2000309
2000310
2000311
2000312
2000313
2000314
2000315
2000316
2000317
2000318
2000319
2000320
2000321
2000322
2000323
2000324
2000325
2000326
2000327
2000328
2000329
2000330
2000331
2000332
2000333
2000334
2000335
2000336
2000337
2000338
2000339
2000340
2000341
2000342
2000343
2000344
2000345
2000346
2000347
2000348
2000349
2000350
2000351
2000352
2000353
2000354
2000355
2000356
2000357
2000358
2000359
2000360
2000361
2000362
2000363
2000364
2000365
2000366
2000367
2000368
2000369
2000370
2000371
2000372
2000373
2000374
2000375
2000376
2000377
2000378
2000379
2000380
2000381
2000382
2000383
2000384
2000385
2000386
2000387
2000388
2000389
2000390
2000391
2000392
2000393
2000394
2000395
2000396
2000397
2000398
2000399
2000400
2000401
2000402
2000403
2000404
2000405
2000406
2000407
2000408
2000409
2000410
2000411
2000412
2000413
2000414
2000415
2000416
2000417
2000418
2000419
2000420
2000421
2000422
2000423
2000424
2000425
2000426
2000427
2000428
2000429
2000430
2000431
2000432
2000433
2000434
2000435
2000436
2000437
2000438
2000439
2000440
2000441
2000442
2000443
2000444
2000445
2000446
2000447
2000448
2000449
2000450
2000451
2000452
2000453
2000454
2000455
2000456
2000457
2000458
2000459
2000460
2000461
2000462
2000463
2000464
2000465
2000466
2000467
2000468
2000469
2000470
2000471
2000472
2000473
2000474
2000475
2000476
2000477
2000478
2000479
2000480
2000481
2000482
2000483
2000484
2000485
2000486
2000487
2000488
2000489
2000490
2000491
2000492
2000493
2000494
2000495
2000496
2000497
2000498
2000499
2000500
2000501
2000502
2000503
2000504
2000505
2000506
2000507
2000508
2000509
2000510
2000511
2000512
2000513
2000514
2000515
2000516
2000517
2000518
2000519
2000520
2000521
2000522
2000523
2000524
2000525
2000526
2000527
2000528
2000529
2000530
2000531
2000532
2000533
2000534
2000535
2000536
2000537
2000538
2000539
2000540
2000541
2000542
2000543
2000544
2000545
2000546
2000547
2000548
2000549
2000550
2000551
2000552
2000553
2000554
2000555
2000556
2000557
2000558
2000559
2000560
2000561
2000562
2000563
2000564
2000565
2000566
2000567
2000568
2000569
2000570
2000571
2000572
2000573
2000574
2000575
2000576
2000577
2000578
2000579
2000580
2000581
2000582
2000583
2000584
2000585
2000586
2000587
2000588
2000589
2000590
2000591
2000592
2000593
2000594
2000595
2000596
2000597
2000598
2000599
2000600
2000601
2000602
2000603
2000604
2000605
2000606
2000607
2000608
2000609
2000610
2000611
2000612
2000613
2000614
2000615
2000616
2000617
2000618
2000619
2000620
2000621
2000622
2000623
2000624
2000625
2000626
2000627
2000628
2000629
2000630
2000631
2000632
2000633
2000634
2000635
2000636
2000637
2000638
2000639
2000640
2000641
2000642
2000643
2000644
2000645
2000646
2000647
2000648
2000649
2000650
2000651
2000652
2000653
2000654
2000655
2000656
2000657
2000658
2000659
2000660
2000661
2000662
2000663
2000664
2000665
2000666
2000667
2000668
2000669
2000670
2000671
2000672
2000673
2000674
2000675
2000676
2000677
2000678
2000679
2000680
2000681
2000682
2000683
2000684
2000685
2000686
2000687
2000688
2000689
2000690
2000691
2000692
2000693
2000694
2000695
2000696
2000697
2000698
2000699
2000700
2000701
2000702
2000703
2000704
2000705
2000706
2000707
2000708
2000709
2000710
2000711
2000712
2000713
2000714
2000715
2000716
2000717
2000718
2000719
2000720
2000721
2000722
2000723
2000724
2000725
2000726
2000727
2000728
2000729
2000730
2000731
2000732
2000733
2000734
2000735
2000736
2000737
2000738
2000739
2000740
2000741
2000742
2000743
2000744
2000745
2000746
2000747
2000748
2000749
2000750
2000752
2000753
2000754
2000755
2000756
2000757
2000758
2000759
2000760
2000761
2000762
2000763
2000764
2000765
2000766
2000767
2000768
2000769
2000770
2000771
2000772
2000773
2000774
2000775
2000776
2000777
2000778
2000779
2000780
2000781
2000782
2000783
2000784
2000785
2000786
2000787
2000788
2000789
2000790
2000791
2000792
2000793
2000794
2000795
2000796
2000797
2000798
2000799
2000800
2000801
2000802
2000803
2000804
2000805
2000806
2000807
2000808
2000809
2000810
2000811
2000812
2000813
2000814
2000815
2000816
2000817
2000818
2000819
2000820
2000821
2000822
2000823
2000824
2000825
2000826
2000827
2000828
2000829
2000830
2000831
2000832
2000833
2000834
2000835
2000836
2000837
2000838
2000839
2000840
2000841
2000842
2000843
2000844
2000845
2000846
2000847
2000848
2000849
2000850
2000851
2000852
2000853
2000854
2000855
2000856
2000857
2000858
2000859
2000860
2000861
2000862
2000863
2000864
2000865
2000866
2000867
2000868
2000869
2000870
2000871
2000872
2000873
2000874
2000875
2000876
2000877
2000878
2000879
2000880
2000881
2000882
2000883
2000884
2000885
2000886
2000887
2000888
2000889
2000890
2000891
2000892
2000893
2000894
2000895
2000896
2000897
2000898
2000899
2000900
2000901
2000902
2000903
2000904
2000905
2000906
2000907
2000908
2000909
2000910
2000911
2000912
2000913
2000914
2000915
2000916
2000917
2000918
2000919
2000920
2000921
2000922
2000923
2000924
2000925
2000926
2000927
2000928
2000929
2000930
2000931
2000932
2000933
2000934
2000935
2000936
2000937
2000938
2000939
2000940
2000941
2000942
2000943
2000944
2000945
2000946
2000947
2000948
2000949
2000950
2000951
2000952
2000953
2000954
2000955
2000956
2000957
2000958
2000959
2000960
2000961
2000962
2000963
2000964
2000965
2000966
2000967
2000968
2000969
2000970
2000971
2000972
2000973
2000974
2000975
2000976
2000977
2000978
2000979
2000980
2000981
2000982
2000983
2000984
2000985
2000986
2000987
2000988
2000989
2000990
2000991
2000992
2000993
2000994
2000995
2000996
2000997
2000998
2000999
2001000
2001001
2001002
2001003
2001004
2001005
2001006
2001007
2001008
2001009
2001010
2001011
2001012
2001013
2001014
2001015
2001016
2001017
2001018
2001019
2001020
2001021
2001022
2001023
2001024
2001025
2001026
2001027
2001028
2001029
2001030
2001031
2001032
2001033
2001034
2001035
2001036
2001037
2001038
2001039
2001040
2001041
2001042
2001043
2001044
2001045
2001046
2001047
2001048
2001049
2001050
2001051
2001052
2001053
2001054
2001055
2001056
2001057
2001058
2001059
2001060
2001061
2001062
2001063
2001064
2001065
2001066
2001067
2001068
2001069
2001070
2001071
2001072
2001073
2001074
2001075
2001076
2001077
2001078
2001079
2001080
2001081
2001082
2001083
2001084
2001085
2001086
2001087
2001088
2001089
2001090
2001091
2001092
2001093
2001094
2001095
2001096
2001097
2001098
2001099
2001100
2001101
2001102
2001103
2001104
2001105
2001106
2001107
2001108
2001109
2001110
2001111
2001112
2001113
2001114
2001115
2001116
2001117
2001118
2001119
2001120
2001121
2001122
2001123
2001124
2001125
2001126
2001127
2001128
2001129
2001130
2001131
2001132
2001133
2001134
2001135
2001136
2001137
2001138
2001139
2001140
2001141
2001142
2001143
2001144
2001145
2001146
2001147
2001148
2001149
2001150
2001151
2001152
2001153
2001154
2001155
2001156
2001157
2001158
2001159
2001160
2001161
2001162
2001163
2001164
2001165
2001166
2001167
2001168
2001169
2001170
2001171
2001172
2001173
2001174
2001175
2001176
2001177
2001178
2001179
2001180
2001181
2001182
2001183
2001184
2001185
2001186
2001187
2001188
2001189
2001190
2001191
2001192
2001193
2001194
2001195
2001196
2001197
2001198
2001199
2001200
2001201
2001202
2001203
2001204
2001205
2001206
2001207
2001208
2001209
2001210
2001211
2001212
2001213
2001214
2001215
2001216
2001217
2001218
2001219
2001220
2001221
2001222
2001223
2001224
2001225
2001226
2001227
2001228
2001229
2001230
2001231
2001232
2001233
2001234
2001235
2001236
2001237
2001238
2001239
2001240
2001241
2001242
2001243
2001244
2001245
2001246
2001247
2001248
2001249
2001250
2001251
2001252
2001253
2001254
2001255
2001256
2001257
2001258
2001259
2001260
2001261
2001262
2001263
2001264
2001265
2001266
2001267
2001268
2001269
2001270
2001271
2001272
2001273
2001274
2001275
2001276
2001277
2001278
2001279
2001280
2001281
2001282
2001283
2001284
2001285
2001286
2001287
2001288
2001289
2001290
2001291
2001292
2001293
2001294
2001295
2001296
2001297
2001298
2001299
2001300
2001301
2001302
2001303
2001304
2001305
2001306
2001307
2001308
2001309
2001310
2001311
2001312
2001313
2001314
2001315
2001316
2001317
2001318
2001319
2001320
2001321
2001322
2001323
2001324
2001325
2001326
2001327
2001328
2001329
2001330
2001331
2001332
2001333
2001334
2001335
2001336
2001337
2001338
2001339
2001340
2001341
2001342
2001343
2001344
2001345
2001346
2001347
2001348
2001349
2001350
2001351
2001352
2001353
2001354
2001355
2001356
2001357
2001358
2001359
2001360
2001361
2001362
2001363
2001364
2001365
2001366
2001367
2001368
2001369
2001370
2001371
2001372
2001373
2001374
2001375
2001376
2001377
2001378
2001379
2001380
2001381
2001382
2001383
2001384
2001385
2001386
2001387
2001388
2001389
2001390
2001391
2001392
2001393
2001394
2001395
2001396
2001397
2001398
2001399
2001400
2001401
2001402
2001403
2001404
2001405
2001406
2001407
2001408
2001409
2001410
2001411
2001412
2001413
2001414
2001415
2001416
2001417
2001418
2001419
2001420
2001421
2001422
2001423
2001424
2001425
2001426
2001427
2001428
2001429
2001430
2001431
2001432
2001433
2001434
2001435
2001436
2001437
2001438
2001439
2001440
2001441
2001442
2001443
2001444
2001445
2001446
2001447
2001448
2001449
2001450
2001451
2001452
2001453
2001454
2001455
2001456
2001457
2001458
2001459
2001460
2001461
2001462
2001463
2001464
2001465
2001466
2001467
2001468
2001469
2001470
2001471
2001472
2001473
2001474
2001475
2001476
2001477
2001478
2001479
2001480
2001481
2001482
2001483
2001484
2001485
2001486
2001487
2001488
2001489
2001490
2001491
2001492
2001493
2001494
2001495
2001496
2001497
2001498
2001499
2001500
2001501
2001502
2001503
2001504
2001505
2001506
2001507
2001508
2001509
2001510
2001511
2001512
2001513
2001514
2001515
2001516
2001517
2001518
2001519
2001520
2001521
2001522
2001523
2001524
2001525
2001526
2001527
2001528
2001529
2001530
2001531
2001532
2001533
2001534
2001535
2001536
2001537
2001538
2001540
2001541
2001542
2001543
2001544
2001545
2001546
2001547
2001548
2001549
2001550
2001551
2001552
2001553
2001554
2001555
2001556
2001557
2001558
2001559
2001560
2001561
2001562
2001563
2001564
2001565
2001566
2001567
2001568
2001569
2001570
2001571
2001572
2001573
2001574
2001575
2001576
2001577
2001578
2001579
2001580
2001581
2001582
2001583
2001584
2001585
2001586
2001587
2001588
2001589
2001590
2001591
2001592
2001593
2001594
2001595
2001596
2001597
2001598
2001599
2001600
2001601
2001602
2001603
2001604
2001605
2001606
2001607
2001608
2001609
2001610
2001611
2001612
2001613
2001614
2001615
2001616
2001617
2001618
2001619
2001620
2001621
2001622
2001623
2001624
2001625
2001626
2001627
2001628
2001629
2001630
2001631
2001632
2001633
2001634
2001635
2001636
2001637
2001638
2001639
2001640
2001641
2001642
2001643
2001644
2001645
2001646
2001647
2001648
2001649
2001650
2001651
2001652
2001653
2001654
2001655
2001656
2001657
2001658
2001659
2001660
2001661
2001662
2001663
2001664
2001665
2001666
2001667
2001668
2001670
2001671
2001672
2001673
2001674
2001675
2001676
2001677
2001678
2001679
2001680
2001681
2001682
2001683
2001684
2001685
2001686
2001687
2001688
2001689
2001690
2001691
2001692
2001693
2001694
2001695
2001696
2001697
2001698
2001699
2001700
2001701
2001702
2001703
2001704
2001705
2001706
2001707
2001708
2001709
2001710
2001711
2001712
2001713
2001714
2001715
2001716
2001717
2001718
2001719
2001720
2001721
2001722
2001723
2001724
2001725
2001726
2001727
2001728
2001729
2001730
2001731
2001732
2001733
2001734
2001735
2001736
2001737
2001738
2001739
2001740
2001741
2001742
2001743
2001744
2001745
2001746
2001747
2001748
2001749
2001750
2001751
2001752
2001753
2001754
2001755
2001756
2001757
2001758
2001759
2001760
2001761
2001762
2001763
2001764
2001765
2001766
2001767
2001768
2001769
2001770
2001771
2001772
2001773
2001774
2001775
2001776
2001777
2001778
2001779
2001780
2001781
2001782
2001783
2001784
2001785
2001786
2001787
2001788
2001789
2001790
2001791
2001792
2001793
2001794
2001795
2001796
2001797
2001798
2001799
2001800
2001801
2001802
2001803
2001804
2001805
2001806
2001807
2001808
2001809
2001810
2001811
2001812
2001813
2001814
2001815
2001816
2001817
2001818
2001819
2001820
2001821
2001822
2001823
2001824
2001825
2001826
2001827
2001828
2001829
2001830
2001831
2001832
2001833
2001834
2001835
2001836
2001837
2001838
2001839
2001840
2001841
2001842
2001843
2001844
2001845
2001846
2001847
2001848
2001849
2001850
2001851
2001852
2001853
2001854
2001855
2001856
2001857
2001858
2001859
2001860
2001861
2001862
2001863
2001864
2001865
2001866
2001867
2001868
2001869
2001870
2001871
2001872
2001873
2001874
2001875
2001876
2001877
2001878
2001879
2001880
2001881
2001882
2001883
2001884
2001885
2001886
2001887
2001888
2001889
2001890
2001891
2001892
2001893
2001894
2001895
2001896
2001897
2001898
2001899
2001900
2001901
2001902
2001903
2001904
2001905
2001906
2001907
2001908
2001909
2001910
2001911
2001912
2001913
2001914
2001915
2001916
2001917
2001918
2001919
2001920
2001921
2001922
2001923
2001924
2001925
2001926
2001927
2001928
2001929
2001930
2001931
2001932
2001933
2001934
2001935
2001936
2001937
2001938
2001939
2001940
2001941
2001942
2001943
2001944
2001945
2001946
2001947
2001948
2001949
2001950
2001951
2001952
2001953
2001954
2001955
2001956
2001957
2001958
2001959
2001960
2001961
2001962
2001963
2001964
2001965
2001966
2001967
2001968
2001969
2001970
2001972
2001973
2001974
2001975
2001976
2001977
2001978
2001979
2001980
2001981
2001982
2001983
2001984
2001985
2001986
2001987
2001988
2001989
2001990
2001991
2001992
2001993
2001994
2001995
2001996
2001997
2001998
2001999
2002000
2002001
2002002
2002003
2002004
2002005
2002006
2002007
2002008
2002009
2002010
2002011
2002012
2002013
2002014
2002015
2002016
2002017
2002018
2002019
2002020
2002021
2002022
2002023
2002024
2002025
2002026
2002027
2002028
2002029
2002030
2002031
2002032
2002033
2002034
2002035
2002036
2002037
2002038
2002039
2002040
2002041
2002042
2002043
2002044
2002045
2002046
2002047
2002048
2002049
2002050
2002051
2002052
2002053
2002054
2002055
2002056
2002057
2002058
2002059
2002060
2002061
2002062
2002063
2002064
2002065
2002066
2002067
2002068
2002069
2002070
2002071
2002072
2002073
2002074
2002075
2002076
2002077
2002078
2002079
2002080
2002081
2002082
2002083
2002084
2002085
2002086
2002087
2002088
2002089
2002090
2002091
2002092
2002093
2002094
2002095
2002096
2002097
2002098
2002099
2002100
2002101
2002102
2002103
2002104
2002105
2002106
2002107
2002108
2002109
2002110
2002111
2002112
2002113
2002901
2002969
2002970
2003171
2003174
2003175
2003180
2003182
2003198
2003201
2003202
2003205
2003206
2003211
2003215
2003217
2003220
2003221
2003222
2003223
2003224
2003225
2003226
2003227
2003228
2003229
2003230
2003231
2003232
2003233
2003234
2003235
2003236
2003237
2003238
2003239
2003240
2003241
2003242
2003243
2003244
2003245
2003246
2003247
2003248
2003249
2003250
2003251
2003252
2003253
2003254
2003255
2003256
2003257
2003258
2003259
2003260
2003261
2003262
2003263
2003264
2003265
2003266
2003267
2003268
2003269
2003270
2003271
2003272
2003273
2003274
2003275
2003276
2003277
2003278
2003279
2003280
2003281
2003282
2003283
2003284
2003285
2003286
2003287
2003288
2003289
2003290
2003291
2003292
2003293
2003294
2003295
2003296
2003297
2003298
2003299
2003300
2003301
2003302
2003303
2003304
2003305
2003306
2003307
2003308
2003309
2003310
2003311
2003312
2003313
2003314
2003315
2003316
2003317
2003318
2003319
2003320
2003321
2003322
2003323
2003324
2003325
2003326
2003327
2003328
2003329
2003330
2003331
2003332
2003333
2003334
2003335
2003336
2003337
2003338
2003339
2003340
2003341
2003342
2003343
2003344
2003345
2003346
2003347
2003348
2003349
2003350
2003351
2003352
2003353
2003354
2003355
2003356
2003357
2003358
2003359
2003360
2003361
2003362
2003363
2003364
2003365
2003366
2003367
2003368
2003369
2003370
2003371
2003372
2003373
2003374
2003375
2003376
2003377
2003378
2003379
2003380
2003381
2003382
2003383
2003384
2003385
2003386
2003387
2003388
2003389
2003390
2003391
2003392
2003393
2003394
2003395
2003396
2003397
2003398
2003399
2003400
2003401
2003402
2003403
2003404
2003405
2003406
2003407
2003408
2003409
2003410
2003411
2003412
2003413
2003414
2003415
2003416
2003417
2003418
2003419
2003420
2003421
2003422
2003423
2003424
2003425
2003426
2003427
2003428
2003429
2003430
2003431
2003432
2003433
2003434
2003435
2003436
2003439
2003440
2003441
2003442
2003443
2003444
2003445
2003446
2003447
2003448
2003449
2003450
2003451
2003452
2003453
2003454
2003455
2003456
2003457
2003458
2003459
2003460
2003461
2003462
2003463
2003464
2003465
2003466
2003467
2003468
2003469
2003470
2003471
2003472
2003473
2003474
2003475
2003476
2003477
2003478
2003479
2003480
2003481
2003482
2003483
2003484
2003485
2003486
2003487
2003488
2003489
2003490
2003491
2003492
2003493
2003494
2003495
2003496
2003497
2003498
2003499
2003500
2003501
2003502
2003503
2003504
2003505
2003506
2003507
2003508
2003509
2003510
2003511
2003512
2003513
2003514
2003515
2003516
2003517
2003518
2003519
2003520
2003521
2003522
2003523
2003524
2003525
2003526
2003527
2003528
2003529
2003530
2003531
2003532
2003533
2003534
2003535
2003536
2003537
2003538
2003539
2003540
2003541
2003542
2003543
2003544
2003545
2003546
2003547
2003548
2003549
2003550
2003551
2003552
2003553
2003554
2003555
2003556
2003557
2003558
2003559
2003560
2003561
2003562
2003563
2003564
2003565
2003566
2003567
2003568
2003569
2003570
2003571
2003572
2003573
2003574
2003575
2003576
2003577
2003578
2003579
2003580
2003581
2003582
2003583
2003584
2003585
2003586
2003587
2003588
2003589
2003590
2003591
2003592
2003593
2003594
2003595
2003596
2003597
2003598
2003599
2003600
2003601
2003602
2003603
2003604
2003605
2003606
2003607
2003608
2003609
2003610
2003611
2003612
2003613
2003614
2003615
2003616
2003617
2003618
2003619
2003620
2003621
2003622
2003623
2003624
2003625
2003626
2003627
2003628
2003629
2003630
2003631
2003632
2003633
2003634
2003635
2003636
2003637
2003638
2003639
2003640
2003641
2003642
2003643
2003644
2003645
2003646
2003647
2003648
2003649
2003650
2003651
2003652
2003653
2003654
2003655
2003656
2003657
2003658
2003659
2003660
2003661
2003662
2003663
2003664
2003665
2003666
2003667
2003668
2003669
2003670
2003671
2003672
2003673
2003674
2003675
2003676
2003677
2003678
2003679
2003680
2003681
2003682
2003683
2003684
2003685
2003686
2003687
2003688
2003689
2003690
2003691
2003692
2003693
2003694
2003695
2003696
2003697
2003698
2003699
2003700
2003701
2003702
2003703
2003704
2003705
2003706
2003707
2003708
2003709
2003710
2003711
2003712
2003713
2003714
2003715
2003716
2003717
2003718
2003719
2003720
2003721
2003722
2003723
2003724
2003725
2003726
2003727
2003728
2003729
2003730
2003731
2003732
2003733
2003734
2003735
2003736
2003737
2003738
2003739
2003740
2003741
2003742
2003743
2003744
2003745
2003746
2003747
2003748
2003749
2003750
2003751
2003752
2003753
2003754
2003755
2003756
2003757
2003758
2003759
2003760
2003761
2003762
2003763
2003764
2003765
2003766
2003767
2003768
2003769
2003770
2003771
2003772
2003773
2003774
2003775
2003776
2003777
2003778
2003779
2003780
2003781
2003782
2003783
2003784
2003786
2003787
2003788
2003789
2003790
2003791
2003792
2003793
2003794
2003795
2003796
2003797
2003798
2003799
2003800
2003801
2003802
2003803
2003804
2003805
2003806
2003807
2003808
2003809
2003810
2003811
2003812
2003813
2003814
2003815
2003816
2003817
2003818
2003819
2003820
2003821
2003822
2003823
2003824
2003825
2003826
2003827
2003828
2003829
2003830
2003831
2003832
2003833
2003834
2003835
2003836
2003837
2003838
2003839
2003840
2003841
2003842
2003843
2003844
2003845
2003846
2003847
2003848
2003849
2003850
2003851
2003852
2003853
2003854
2003855
2003856
2003857
2003858
2003859
2003860
2003861
2003862
2003863
2003864
2003865
2003866
2003867
2003868
2003869
2003870
2003871
2003872
2003873
2003874
2003875
2003876
2003877
2003878
2003879
2003880
2003881
2003882
2003883
2003884
2003885
2003886
2003887
2003888
2003889
2003890
2003891
2003892
2003893
2003894
2003895
2003896
2003897
2003898
2003899
2003900
2003901
2003902
2003903
2003904
2003905
2003906
2003907
2003908
2003909
2003910
2003911
2003912
2003913
2003914
2003915
2003916
2003917
2003918
2003919
2003920
2003921
2003922
2003923
2003924
2003925
2003926
2003927
2003928
2003929
2003930
2003931
2003932
2003933
2003934
2003935
2003936
2003937
2003938
2003939
2003940
2003941
2003942
2003943
2003944
2003945
2003946
2003947
2003948
2003949
2003950
2003951
2003952
2003953
2003954
2003955
2003956
2003957
2003958
2003959
2003960
2003961
2003962
2003963
2003964
2003965
2003966
2003967
2003968
2003969
2003970
2003971
2003972
2003973
2003974
2003975
2003976
2003977
2003978
2003979
2003981
2003982
2003983
2003984
2003985
2003986
2003987
2003988
2003989
2003990
2003991
2003992
2003993
2003994
2003995
2003996
2003997
2003998
2003999
2004000
2004002
2004003
2004004
2004005
2004006
2004007
2004008
2004009
2004010
2004011
2004012
2004013
2004014
2004015
2004016
2004017
2004018
2004019
2004020
2004021
2004022
2004023
2004024
2004025
2004026
2004027
2004028
2004029
2004030
2004031
2004032
2004033
2004034
2004035
2004036
2004037
2004038
2004039
2004040
2004041
2004042
2004043
2004044
2004045
2004046
2004047
2004048
2004049
2004050
2004052
2004053
2004054
2004055
2004056
2004057
2004058
2004059
2004060
2004061
2004062
2004063
2004064
2004065
2004066
2004067
2004068
2004069
2004070
2004071
2004072
2004073
2004074
2004079
2004080
2004081
2004082
2004083
2004084
2004085
2004086
2004087
2004088
2004089
2004090
2004091
2004092
2004093
2004094
2004095
2004096
2004097
2004098
2004099
2004100
2004101
2004102
2004103
2004104
2004105
2004106
2004107
2004108
2004109
2004110
2004111
2004112
2004113
2004114
2004115
2004116
2004117
2004118
2004119
2004121
2004122
2004123
2004124
2004125
2004126
2004127
2004128
2004129
2004130
2004131
2004132
2004133
2004134
2004135
2004136
2004137
2004138
2004139
2004140
2004141
2004142
2004143
2004144
2004145
2004146
2004147
2004148
2004149
2004150
2004151
2004152
2004153
2004154
2004155
2004156
2004157
2004158
2004159
2004160
2004161
2004162
2004163
2004164
2004165
2004166
2004167
2004168
2004169
2004170
2004171
2004172
2004173
2004174
2004175
2004176
2004177
2004178
2004179
2004180
2004181
2004182
2004183
2004184
2004185
2004186
2004187
2004188
2004189
2004190
2004191
2004192
2004193
2004194
2004195
2004196
2004197
2004198
2004199
2004200
2004201
2004202
2004203
2004204
2004205
2004206
2004207
2004208
2004209
2004210
2004211
2004212
2004213
2004214
2004215
2004216
2004217
2004218
2004219
2004220
2004221
2004222
2004223
2004224
2004225
2004226
2004227
2004228
2004229
2004230
2004231
2004232
2004233
2004234
2004235
2004236
2004237
2004238
2004239
2004241
2004242
2004243
2004244
2004245
2004246
2004247
2004248
2004249
2004250
2004251
2004252
2004253
2004254
2004255
2004256
2004257
2004258
2004259
2004260
2004261
2004262
2004263
2004264
2004265
2004266
2004267
2004268
2004269
2004270
2004271
2004272
2004273
2004274
2004275
2004276
2004277
2004278
2004279
2004280
2004281
2004282
2004283
2004284
2004285
2004286
2004287
2004288
2004289
2004290
2004291
2004292
2004293
2004294
2004295
2004296
2004297
2004298
2004299
2004300
2004301
2004302
2004303
2004304
2004305
2004307
2004308
2004309
2004310
2004311
2004312
2004313
2004314
2004315
2004316
2004317
2004318
2004319
2004320
2004321
2004322
2004323
2004324
2004325
2004326
2004327
2004328
2004329
2004330
2004331
2004332
2004333
2004334
2004335
2004336
2004337
2004338
2004339
2004340
2004341
2004342
2004343
2004344
2004345
2004346
2004347
2004348
2004349
2004350
2004351
2004352
2004353
2004354
2004355
2004356
2004357
2004358
2004359
2004360
2004361
2004362
2004363
2004364
2004365
2004366
2004367
2004368
2004369
2004370
2004371
2004372
2004373
2004374
2004375
2004376
2004379
2004380
2004381
2004382
2004383
2004384
2004385
2004386
2004387
2004388
2004389
2004390
2004391
2004392
2004393
2004394
2004395
2004396
2004397
2004398
2004399
2004400
2004401
2004402
2004403
2004404
2004405
2004406
2004407
2004408
2004409
2004410
2004411
2004412
2004413
2004414
2004415
2004416
2004417
2004418
2004419
2004420
2004421
2004422
2004423
2004424
2004425
2004426
2004427
2004428
2004429
2004430
2004431
2004432
2004433
2004434
2004435
2004436
2004437
2004438
2004439
2004440
2004441
2004442
2004443
2004444
2004445
2004446
2004447
2004448
2004449
2004450
2004451
2004452
2004453
2004454
2004455
2004456
2004457
2004458
2004459
2004460
2004461
2004462
2004463
2004464
2004465
2004466
2004467
2004468
2004469
2004470
2004471
2004472
2004473
2004474
2004475
2004476
2004477
2004478
2004479
2004480
2004481
2004482
2004483
2004484
2004485
2004486
2004487
2004488
2004489
2004490
2004491
2004492
2004493
2004494
2004495
2004496
2004497
2004498
2004499
2004500
2004501
2004502
2004503
2004504
2004505
2004506
2004507
2004508
2004509
2004510
2004511
2004512
2004513
2004514
2004515
2004516
2004517
2004518
2004519
2004520
2004521
2004522
2004523
2004524
2004525
2004526
2004527
2004528
2004529
2004530
2004531
2004532
2004533
2004534
2004535
2004536
2004537
2004538
2004539
2004540
2004541
2004542
2004543
2004544
2004545
2004546
2004547
2004548
2004549
2004550
2004551
2004552
2004553
2004554
2004555
2004556
2004557
2004558
2004559
2004560
2004561
2004562
2004563
2004564
2004565
2004566
2004567
2004568
2004569
2004570
2004571
2004572
2004573
2004574
2004575
2004576
2004577
2004578
2004579
2004580
2004581
2004582
2004583
2004584
2004585
2004586
2004587
2004588
2004589
2004590
2004591
2004592
2004593
2004594
2004595
2004596
2004597
2004598
2004599
2004600
2004601
2004602
2004603
2004604
2004605
2004606
2004607
2004608
2004609
2004610
2004611
2004612
2004613
2004614
2004615
2004616
2004617
2004618
2004619
2004620
2004621
2004622
2004623
2004624
2004625
2004626
2004627
2004628
2004629
2004630
2004631
2004632
2004633
2004634
2004635
2004636
2004637
2004638
2004639
2004640
2004641
2004642
2004643
2004644
2004645
2004646
2004647
2004648
2004649
2004650
2004651
2004652
2004653
2004654
2004655
2004656
2004657
2004658
2004659
2004660
2004661
2004662
2004663
2004664
2004665
2004666
2004667
2004668
2004669
2004670
2004671
2004672
2004673
2004674
2004675
2004676
2004677
2004678
2004679
2004680
2004681
2004682
2004683
2004684
2004685
2004686
2004687
2004688
2004689
2004690
2004691
2004692
2004693
2004694
2004695
2004696
2004697
2004698
2004699
2004700
2004701
2004702
2004703
2004704
2004705
2004706
2004707
2004708
2004709
2004710
2004711
2004712
2004713
2004714
2004715
2004716
2004717
2004718
2004719
2004720
2004721
2004722
2004723
2004724
2004725
2004726
2004727
2004728
2004729
2004730
2004731
2004732
2004733
2004734
2004735
2004736
2004737
2004738
2004739
2004740
2004741
2004742
2004743
2004744
2004745
2004746
2004747
2004748
2004749
2004750
2004751
2004752
2004753
2004754
2004755
2004756
2004757
2004758
2004759
2004760
2004761
2004762
2004763
2004764
2004765
2004766
2004767
2004768
2004769
2004770
2004771
2004772
2004773
2004774
2004775
2004776
2004777
2004778
2004779
2004780
2004781
2004782
2004783
2004784
2004785
2004786
2004787
2004788
2004789
2004790
2004791
2004792
2004793
2004794
2004795
2004797
2004798
2004799
2004800
2004801
2004802
2004803
2004804
2004805
2004806
2004807
2004808
2004809
2004810
2004811
2004812
2004813
2004814
2004815
2004816
2004817
2004818
2004819
2004820
2004821
2004822
2004823
2004824
2004825
2004826
2004827
2004828
2004829
2004830
2004831
2004832
2004833
2004834
2004835
2004836
2004837
2004838
2004839
2004840
2004841
2004842
2004843
2004844
2004845
2004846
2004847
2004848
2004849
2004850
2004851
2004852
2004853
2004854
2004855
2004856
2004857
2004858
2004859
2004860
2004861
2004862
2004863
2004864
2004865
2004866
2004867
2004868
2004869
2004870
2004871
2004872
2004873
2004874
2004875
2004876
2004877
2004878
2004879
2004880
2004881
2004882
2004883
2004884
2004885
2004886
2004887
2004888
2004889
2004890
2004891
2004892
2004893
2004894
2004895
2004896
2004897
2004898
2004899
2004900
2004901
2004902
2004903
2004904
2004905
2004906
2004907
2004908
2004909
2004910
2004911
2004912
2004913
2004914
2004915
2004916
2004917
2004918
2004919
2004920
2004921
2004922
2004923
2004924
2004925
2004926
2004927
2004928
2004929
2004930
2004931
2004932
2004933
2004934
2004935
2004936
2004937
2004938
2004939
2004940
2004941
2004942
2004943
2004944
2004945
2004946
2004947
2004948
2004949
2004950
2004951
2004952
2004953
2004954
2004955
2004956
2004957
2004958
2004959
2004960
2004961
2004962
2004963
2004964
2004965
2004966
2004967
2004968
2004969
2004970
2004971
2004972
2004973
2004974
2004975
2004976
2004977
2004978
2004979
2004980
2004981
2004982
2004983
2004984
2004985
2004986
2004987
2004988
2004989
2004990
2004991
2004992
2004993
2004994
2004995
2004996
2004997
2004998
2004999
2005000
2005001
2005002
2005003
2005004
2005005
2005006
2005007
2005008
2005009
2005010
2005011
2005012
2005013
2005014
2005015
2005016
2005017
2005018
2005019
2005020
2005021
2005022
2005023
2005024
2005025
2005026
2005027
2005028
2005029
2005030
2005031
2005032
2005033
2005034
2005035
2005036
2005037
2005038
2005039
2005040
2005041
2005042
2005043
2005044
2005045
2005046
2005047
2005048
2005049
2005050
2005051
2005052
2005053
2005054
2005055
2005056
2005057
2005058
2005059
2005060
2005061
2005062
2005063
2005064
2005065
2005066
2005067
2005068
2005069
2005070
2005071
2005072
2005073
2005074
2005075
2005076
2005077
2005078
2005079
2005080
2005081
2005082
2005083
2005084
2005085
2005086
2005087
2005088
2005089
2005090
2005091
2005092
2005093
2005094
2005095
2005096
2005097
2005098
2005099
2005100
2005101
2005102
2005103
2005104
2005105
2005106
2005107
2005108
2005109
2005110
2005111
2005112
2005113
2005114
2005115
2005116
2005117
2005118
2005119
2005120
2005121
2005122
2005123
2005124
2005125
2005126
2005127
2005128
2005129
2005130
2005131
2005132
2005133
2005134
2005135
2005136
2005137
2005138
2005139
2005140
2005141
2005142
2005143
2005144
2005145
2005146
2005147
2005148
2005149
2005150
2005151
2005152
2005153
2005154
2005155
2005156
2005157
2005158
2005159
2005160
2005161
2005162
2005163
2005164
2005165
2005166
2005167
2005168
2005169
2005170
2005171
2005172
2005173
2005174
2005175
2005176
2005177
2005178
2005179
2005180
2005181
2005182
2005183
2005184
2005185
2005186
2005187
2005188
2005189
2005190
2005191
2005192
2005193
2005194
2005195
2005196
2005197
2005198
2005199
2005200
2005201
2005202
2005203
2005204
2005205
2005206
2005207
2005208
2005209
2005210
2005211
2005212
2005213
2005214
2005215
2005216
2005217
2005218
2005219
2005220
2005221
2005222
2005223
2005224
2005225
2005226
2005227
2005228
2005229
2005230
2005231
2005232
2005233
2005234
2005235
2005236
2005237
2005238
2005239
2005240
2005241
2005242
2005243
2005244
2005245
2005246
2005247
2005248
2005249
2005250
2005251
2005252
2005253
2005254
2005255
2005256
2005257
2005258
2005259
2005260
2005261
2005262
2005263
2005264
2005265
2005266
2005267
2005268
2005269
2005270
2005271
2005272
2005273
2005274
2005275
2005276
2005277
2005278
2005279
2005280
2005281
2005282
2005283
2005284
2005285
2005286
2005287
2005288
2005289
2005290
2005291
2005292
2005293
2005294
2005295
2005296
2005297
2005298
2005299
2005300
2005301
2005302
2005303
2005304
2005305
2005306
2005307
2005308
2005309
2005310
2005311
2005312
2005313
2005314
2005315
2005316
2005317
2005318
2005319
2005320
2005321
2005322
2005323
2005324
2005325
2005326
2005327
2005328
2005329
2005330
2005331
2005332
2005333
2005334
2005335
2005336
2005337
2005338
2005339
2005340
2005341
2005342
2005343
2005344
2005345
2005346
2005347
2005348
2005349
2005350
2005351
2005352
2005353
2005354
2005355
2005356
2005357
2005358
2005359
2005360
2005361
2005362
2005363
2005364
2005365
2005366
2005367
2005368
2005369
2005370
2005371
2005372
2005373
2005374
2005375
2005376
2005377
2005378
2005379
2005380
2005381
2005382
2005383
2005384
2005385
2005386
2005387
2005388
2005389
2005390
2005391
2005392
2005393
2005394
2005395
2005396
2005397
2005398
2005399
2005400
2005401
2005402
2005403
2005404
2005405
2005406
2005407
2005408
2005409
2005410
2005411
2005412
2005413
2005414
2005415
2005416
2005417
2005418
2005419
2005420
2005421
2005422
2005423
2005424
2005425
2005426
2005427
2005428
2005429
2005430
2005431
2005432
2005433
2005434
2005435
2005436
2005437
2005438
2005439
2005440
2005441
2005442
2005443
2005444
2005445
2005446
2005447
2005448
2005449
2005450
2005451
2005452
2005453
2005454
2005455
2005456
2005457
2005458
2005459
2005460
2005461
2005462
2005463
2005464
2005465
2005466
2005467
2005468
2005469
2005470
2005471
2005472
2005473
2005474
2005475
2005476
2005477
2005478
2005479
2005480
2005481
2005482
2005483
2005484
2005485
2005486
2005487
2005488
2005489
2005490
2005491
2005492
2005493
2005494
2005495
2005496
2005497
2005498
2005499
2005500
2005501
2005502
2005503
2005504
2005505
2005506
2005507
2005508
2005509
2005510
2005511
2005512
2005513
2005514
2005515
2005516
2005517
2005518
2005519
2005520
2005521
2005522
2005523
2005524
2005525
2005526
2005527
2005528
2005529
2005530
2005531
2005532
2005533
2005534
2005535
2005536
2005537
2005538
2005539
2005540
2005541
2005542
2005543
2005544
2005545
2005546
2005547
2005548
2005549
2005550
2005551
2005552
2005553
2005554
2005555
2005556
2005557
2005558
2005559
2005560
2005561
2005562
2005563
2005564
2005565
2005566
2005567
2005568
2005569
2005570
2005571
2005572
2005573
2005574
2005575
2005576
2005577
2005578
2005579
2005580
2005581
2005582
2005583
2005584
2005585
2005586
2005587
2005588
2005589
2005590
2005591
2005592
2005593
2005594
2005595
2005596
2005597
2005598
2005599
2005600
2005601
2005602
2005603
2005604
2005605
2005606
2005607
2005608
2005609
2005610
2005611
2005612
2005613
2005614
2005615
2005616
2005617
2005618
2005619
2005620
2005621
2005622
2005623
2005624
2005625
2005626
2005627
2005628
2005629
2005630
2005631
2005632
2005633
2005634
2005635
2005636
2005637
2005638
2005639
2005640
2005641
2005642
2005643
2005644
2005645
2005646
2005647
2005648
2005649
2005650
2005651
2005652
2005653
2005654
2005655
2005656
2005657
2005658
2005659
2005660
2005661
2005662
2005663
2005664
2005665
2005666
2005667
2005668
2005669
2005670
2005671
2005672
2005673
2005674
2005675
2005676
2005677
2005678
2005679
2005680
2005681
2005682
2005683
2005684
2005685
2005686
2005687
2005688
2005689
2005690
2005691
2005692
2005693
2005694
2005695
2005696
2005697
2005698
2005699
2005700
2005701
2005702
2005703
2005704
2005705
2005706
2005707
2005708
2005709
2005710
2005711
2005712
2005713
2005714
2005715
2005716
2005717
2005718
2005719
2005720
2005721
2005722
2005723
2005724
2005725
2005726
2005727
2005728
2005729
2005730
2005731
2005732
2005733
2005734
2005735
2005736
2005737
2005738
2005739
2005740
2005741
2005742
2005743
2005744
2005745
2005746
2005747
2005748
2005749
2005750
2005751
2005752
2005753
2005754
2005755
2005756
2005757
2005758
2005759
2005760
2005761
2005762
2005763
2005764
2005765
2005766
2005767
2005768
2005769
2005770
2005771
2005772
2005773
2005774
2005775
2005776
2005777
2005778
2005779
2005780
2005781
2005782
2005783
2005784
2005785
2005786
2005787
2005788
2005789
2005790
2005791
2005792
2005793
2005794
2005795
2005796
2005797
2005798
2005799
2005800
2005801
2005802
2005803
2005804
2005805
2005806
2005807
2005808
2005809
2005810
2005811
2005812
2005813
2005814
2005815
2005816
2005817
2005818
2005819
2005820
2005821
2005822
2005823
2005824
2005825
2005826
2005827
2005828
2005829
2005830
2005831
2005832
2005833
2005834
2005835
2005836
2005837
2005838
2005839
2005840
2005841
2005842
2005843
2005844
2005845
2005846
2005847
2005848
2005849
2005850
2005851
2005852
2005853
2005854
2005855
2005856
2005857
2005858
2005859
2005860
2005861
2005862
2005863
2005864
2005865
2005866
2005867
2005868
2005869
2005870
2005871
2005872
2005873
2005874
2005875
2005876
2005877
2005878
2005879
2005880
2005881
2005882
2005883
2005884
2005885
2005886
2005887
2005888
2005889
2005890
2005891
2005892
2005893
2005894
2005895
2005896
2005897
2005898
2005899
2005900
2005902
2005903
2005904
2005905
2005906
2005907
2005908
2005909
2005910
2005911
2005912
2005913
2005914
2005915
2005916
2005917
2005918
2005919
2005920
2005921
2005922
2005923
2005924
2005925
2005926
2005927
2005928
2005929
2005930
2005931
2005932
2005933
2005934
2005935
2005936
2005937
2005938
2005939
2005940
2005941
2005942
2005943
2005944
2005945
2005946
2005947
2005948
2005949
2005950
2005951
2005952
2005953
2005954
2005955
2005956
2005957
2005958
2005959
2005960
2005961
2005962
2005963
2005964
2005965
2005966
2005967
2005968
2005969
2005970
2005971
2005972
2005973
2005974
2005975
2005976
2005977
2005978
2005979
2005980
2005981
2005982
2005983
2005984
2005985
2005986
2005987
2005988
2005989
2005990
2005991
2005992
2005993
2005994
2005995
2005996
2005997
2005998
2005999
2006000
2006001
2006002
2006003
2006004
2006005
2006006
2006007
2006008
2006009
2006010
2006011
2006012
2006013
2006014
2006015
2006016
2006017
2006018
2006019
2006020
2006021
2006022
2006023
2006024
2006025
2006026
2006027
2006028
2006029
2006030
2006031
2006032
2006033
2006034
2006035
2006036
2006037
2006038
2006039
2006040
2006041
2006042
2006043
2006044
2006045
2006046
2006047
2006048
2006049
2006050
2006051
2006052
2006053
2006054
2006055
2006056
2006057
2006058
2006059
2006060
2006061
2006062
2006063
2006064
2006065
2006066
2006067
2006068
2006069
2006070
2006071
2006072
2006073
2006074
2006075
2006076
2006077
2006078
2006079
2006080
2006081
2006082
2006083
2006084
2006085
2006086
2006087
2006088
2006089
2006090
2006091
2006092
2006093
2006094
2006095
2006096
2006097
2006098
2006099
2006100
2006101
2006102
2006103
2006104
2006105
2006106
2006107
2006108
2006109
2006110
2006111
2006112
2006113
2006114
2006115
2006116
2006117
2006118
2006119
2006120
2006121
2006122
2006123
2006124
2006125
2006126
2006127
2006128
2006129
2006130
2006131
2006132
2006133
2006134
2006135
2006136
2006137
2006138
2006139
2006140
2006141
2006142
2006143
2006144
2006145
2006146
2006147
2006148
2006149
2006150
2006151
2006152
2006153
2006154
2006155
2006156
2006157
2006158
2006159
2006160
2006161
2006162
2006163
2006164
2006165
2006166
2006167
2006168
2006169
2006170
2006171
2006172
2006173
2006174
2006175
2006176
2006177
2006178
2006179
2006180
2006181
2006182
2006183
2006184
2006185
2006186
2006187
2006188
2006189
2006190
2006191
2006192
2006193
2006194
2006195
2006196
2006197
2006198
2006199
2006200
2006201
2006202
2006203
2006204
2006205
2006206
2006207
2006208
2006209
2006210
2006211
2006212
2006213
2006214
2006215
2006216
2006217
2006218
2006219
2006220
2006221
2006222
2006223
2006224
2006225
2006226
2006227
2006228
2006229
2006230
2006231
2006232
2006233
2006234
2006235
2006236
2006237
2006238
2006239
2006240
2006241
2006242
2006243
2006244
2006245
2006246
2006247
2006248
2006249
2006250
2006251
2006252
2006253
2006254
2006255
2006256
2006257
2006258
2006259
2006260
2006261
2006262
2006263
2006264
2006265
2006266
2006267
2006268
2006269
2006270
2006271
2006272
2006273
2006274
2006275
2006276
2006277
2006278
2006279
2006280
2006281
2006282
2006283
2006284
2006285
2006286
2006287
2006288
2006289
2006290
2006291
2006292
2006293
2006294
2006295
2006296
2006297
2006298
2006299
2006300
2006301
2006302
2006303
2006304
2006305
2006306
2006307
2006308
2006309
2006310
2006311
2006312
2006313
2006314
2006315
2006316
2006317
2006318
2006319
2006320
2006321
2006322
2006323
2006324
2006325
2006326
2006327
2006328
2006329
2006330
2006331
2006332
2006333
2006334
2006335
2006336
2006337
2006338
2006339
2006340
2006341
2006342
2006343
2006344
2006345
2006346
2006347
2006348
2006349
2006350
2006351
2006352
2006353
2006354
2006355
2006356
2006357
2006358
2006359
2006360
2006361
2006362
2006363
2006364
2006365
2006366
2006367
2006368
2006369
2006370
2006371
2006372
2006373
2006374
2006375
2006376
2006377
2006378
2006379
2006380
2006381
2006382
2006383
2006384
2006385
2006386
2006387
2006388
2006389
2006390
2006391
2006392
2006393
2006394
2006395
2006396
2006397
2006398
2006399
2006400
2006401
2006402
2006403
2006404
2006405
2006406
2006407
2006408
2006409
2006410
2006411
2006412
2006413
2006414
2006415
2006416
2006417
2006418
2006419
2006420
2006421
2006422
2006423
2006424
2006425
2006426
2006427
2006428
2006429
2006430
2006431
2006432
2006433
2006434
2006435
2006436
2006437
2006438
2006439
2006440
2006441
2006442
2006443
2006444
2006445
2006446
2006447
2006448
2006449
2006450
2006451
2006452
2006453
2006454
2006455
2006456
2006457
2006458
2006459
2006460
2006461
2006462
2006463
2006464
2006465
2006466
2006469
2006470
2006471
2006472
2006473
2006474
2006475
2006476
2006477
2006478
2006479
2006480
2006481
2006482
2006483
2006484
2006485
2006486
2006487
2006488
2006489
2006490
2006491
2006492
2006493
2006494
2006495
2006496
2006497
2006498
2006499
2006500
2006501
2006502
2006503
2006504
2006505
2006506
2006507
2006508
2006509
2006510
2006511
2006512
2006513
2006514
2006515
2006516
2006517
2006518
2006519
2006520
2006521
2006522
2006523
2006524
2006525
2006526
2006527
2006528
2006529
2006530
2006531
2006532
2006533
2006534
2006535
2006536
2006537
2006538
2006539
2006540
2006541
2006542
2006543
2006544
2006545
2006546
2006547
2006548
2006549
2006550
2006551
2006552
2006553
2006554
2006555
2006556
2006557
2006558
2006559
2006560
2006561
2006562
2006563
2006564
2006565
2006566
2006567
2006568
2006569
2006570
2006571
2006572
2006573
2006574
2006575
2006576
2006577
2006578
2006579
2006580
2006581
2006582
2006583
2006584
2006585
2006586
2006587
2006588
2006589
2006590
2006591
2006592
2006593
2006594
2006595
2006596
2006597
2006598
2006599
2006600
2006601
2006602
2006603
2006604
2006605
2006606
2006607
2006608
2006609
2006610
2006611
2006612
2006613
2006614
2006615
2006616
2006617
2006618
2006619
2006620
2006621
2006622
2006623
2006624
2006625
2006626
2006627
2006628
2006629
2006630
2006631
2006632
2006633
2006634
2006635
2006636
2006637
2006638
2006639
2006640
2006641
2006642
2006643
2006644
2006645
2006646
2006647
2006648
2006649
2006650
2006651
2006652
2006653
2006654
2006655
2006656
2006657
2006658
2006659
2006660
2006661
2006662
2006663
2006664
2006665
2006666
2006667
2006668
2006669
2006670
2006671
2006672
2006673
2006674
2006675
2006676
2006677
2006678
2006679
2006680
2006681
2006682
2006683
2006684
2006685
2006686
2006687
2006688
2006689
2006690
2006691
2006692
2006693
2006694
2006695
2006696
2006697
2006698
2006699
2006700
2006701
2006702
2006703
2006704
2006705
2006706
2006707
2006708
2006709
2006710
2006711
2006712
2006713
2006714
2006715
2006716
2006717
2006718
2006719
2006720
2006721
2006722
2006723
2006724
2006725
2006726
2006727
2006728
2006729
2006730
2006731
2006732
2006733
2006734
2006735
2006736
2006737
2006738
2006739
2006740
2006741
2006742
2006743
2006744
2006745
2006746
2006747
2006748
2006749
2006750
2006751
2006752
2006753
2006754
2006755
2006756
2006757
2006758
2006759
2006760
2006761
2006762
2006763
2006764
2006765
2006766
2006767
2006768
2006769
2006770
2006771
2006772
2006773
2006774
2006775
2006776
2006777
2006778
2006779
2006780
2006781
2006782
2006783
2006784
2006785
2006786
2006787
2006788
2006789
2006790
2006791
2006792
2006793
2006794
2006795
2006796
2006797
2006798
2006799
2006800
2006801
2006802
2006803
2006804
2006805
2006806
2006807
2006808
2006809
2006810
2006811
2006812
2006813
2006814
2006815
2006816
2006817
2006818
2006819
2006820
2006821
2006822
2006823
2006824
2006825
2006826
2006827
2006828
2006829
2006830
2006831
2006832
2006833
2006834
2006835
2006836
2006837
2006838
2006839
2006840
2006841
2006842
2006843
2006844
2006845
2006846
2006847
2006848
2006849
2006850
2006851
2006852
2006853
2006854
2006855
2006856
2006857
2006858
2006859
2006860
2006861
2006862
2006863
2006864
2006865
2006866
2006867
2006868
2006869
2006870
2006871
2006872
2006873
2006874
2006875
2006876
2006877
2006878
2006879
2006880
2006881
2006882
2006883
2006884
2006885
2006886
2006887
2006888
2006889
2006890
2006891
2006892
2006893
2006894
2006895
2006896
2006897
2006898
2006899
2006900
2006901
2006902
2006903
2006904
2006905
2006906
2006907
2006908
2006909
2006910
2006911
2006912
2006913
2006914
2006915
2006916
2006917
2006918
2006919
2006920
2006921
2006922
2006923
2006924
2006925
2006926
2006927
2006928
2006929
2006930
2006931
2006932
2006933
2006934
2006935
2006936
2006937
2006938
2006939
2006940
2006941
2006942
2006943
2006944
2006945
2006946
2006947
2006948
2006949
2006950
2006951
2006952
2006953
2006954
2006955
2006956
2006957
2006958
2006959
2006960
2006961
2006962
2006963
2006964
2006965
2006966
2006967
2006968
2006969
2006970
2006971
2006972
2006973
2006974
2006975
2006976
2006977
2006978
2006979
2006980
2006981
2006982
2006983
2006984
2006985
2006986
2006987
2006988
2006989
2006990
2006991
2006992
2006993
2006994
2006995
2006996
2006997
2006998
2006999
2007000
2007001
2007002
2007003
2007004
2007005
2007006
2007007
2007008
2007009
2007010
2007011
2007012
2007013
2007014
2007015
2007016
2007017
2007018
2007019
2007020
2007021
2007022
2007023
2007024
2007025
2007026
2007027
2007028
2007029
2007030
2007031
2007032
2007033
2007034
2007035
2007036
2007037
2007038
2007039
2007040
2007041
2007042
2007043
2007044
2007045
2007046
2007047
2007048
2007049
2007050
2007051
2007052
2007053
2007054
2007055
2007056
2007057
2007058
2007059
2007060
2007061
2007062
2007063
2007064
2007065
2007066
2007067
2007068
2007069
2007070
2007071
2007072
2007073
2007074
2007075
2007076
2007077
2007078
2007079
2007080
2007081
2007082
2007083
2007084
2007085
2007086
2007087
2007088
2007089
2007090
2007091
2007092
2007093
2007094
2007095
2007096
2007097
2007098
2007099
2007100
2007101
2007102
2007103
2007104
2007105
2007106
2007107
2007108
2007109
2007110
2007111
2007112
2007113
2007114
2007115
2007116
2007117
2007118
2007119
2007120
2007121
2007122
2007123
2007124
2007125
2007126
2007127
2007128
2007129
2007130
2007131
2007132
2007133
2007134
2007135
2007136
2007137
2007138
2007139
2007140
2007141
2007142
2007143
2007146
2007147
2007148
2007149
2007150
2007151
2007152
2007153
2007154
2007155
2007156
2007157
2007158
2007159
2007160
2007161
2007162
2007163
2007164
2007165
2007166
2007167
2007168
2007169
2007170
2007171
2007172
2007173
2007174
2007175
2007176
2007177
2007178
2007179
2007180
2007181
2007182
2007183
2007184
2007185
2007186
2007187
2007188
2007189
2007190
2007191
2007192
2007193
2007194
2007195
2007196
2007197
2007198
2007199
2007200
2007201
2007202
2007203
2007204
2007205
2007206
2007207
2007208
2007209
2007210
2007211
2007212
2007213
2007214
2007215
2007216
2007217
2007218
2007219
2007220
2007221
2007222
2007223
2007224
2007225
2007226
2007227
2007228
2007229
2007230
2007231
2007232
2007233
2007234
2007235
2007236
2007237
2007238
2007239
2007240
2007241
2007242
2007243
2007244
2007245
2007246
2007247
2007248
2007249
2007250
2007251
2007252
2007253
2007254
2007255
2007256
2007257
2007258
2007259
2007260
2007261
2007262
2007263
2007264
2007265
2007266
2007267
2007268
2007269
2007270
2007271
2007272
2007273
2007274
2007275
2007276
2007277
2007278
2007279
2007280
2007281
2007282
2007283
2007284
2007285
2007286
2007287
2007288
2007289
2007290
2007291
2007292
2007293
2007294
2007295
2007296
2007297
2007298
2007299
2007300
2007301
2007302
2007303
2007304
2007305
2007306
2007307
2007308
2007309
2007310
2007311
2007312
2007313
2007314
2007315
2007316
2007317
2007318
2007319
2007320
2007321
2007322
2007323
2007324
2007325
2007326
2007327
2007328
2007329
2007330
2007331
2007332
2007333
2007334
2007335
2007336
2007337
2007338
2007339
2007340
2007341
2007342
2007343
2007344
2007345
2007346
2007347
2007348
2007349
2007350
2007351
2007352
2007353
2007354
2007355
2007356
2007357
2007358
2007359
2007360
2007361
2007362
2007363
2007364
2007365
2007366
2007367
2007368
2007369
2007370
2007371
2007372
2007373
2007374
2007375
2007376
2007377
2007378
2007379
2007380
2007381
2007382
2007383
2007384
2007385
2007386
2007387
2007388
2007389
2007390
2007391
2007392
2007393
2007394
2007395
2007396
2007397
2007398
2007399
2007400
2007401
2007402
2007403
2007404
2007405
2007406
2007407
2007408
2007409
2007410
2007411
2007412
2007413
2007415
2007416
2007417
2007418
2007419
2007420
2007421
2007422
2007423
2007424
2007425
2007426
2007427
2007428
2007429
2007430
2007431
2007432
2007433
2007434
2007435
2007436
2007437
2007438
2007439
2007440
2007441
2007442
2007443
2007444
2007445
2007446
2007447
2007448
2007449
2007450
2007451
2007452
2007453
2007454
2007455
2007456
2007457
2007458
2007459
2007460
2007461
2007462
2007463
2007464
2007465
2007466
2007467
2007468
2007469
2007470
2007471
2007472
2007473
2007474
2007475
2007476
2007477
2007478
2007479
2007480
2007481
2007482
2007483
2007484
2007485
2007486
2007487
2007488
2007489
2007490
2007491
2007492
2007493
2007494
2007495
2007496
2007497
2007498
2007499
2007500
2007501
2007502
2007503
2007504
2007505
2007506
2007507
2007508
2007509
2007510
2007511
2007512
2007513
2007514
2007515
2007516
2007517
2007518
2007519
2007520
2007521
2007522
2007523
2007524
2007525
2007526
2007527
2007528
2007529
2007530
2007531
2007532
2007533
2007534
2007535
2007536
2007537
2007538
2007539
2007540
2007541
2007542
2007543
2007544
2007545
2007546
2007547
2007548
2007549
2007550
2007551
2007552
2007553
2007554
2007555
2007556
2007557
2007558
2007559
2007560
2007561
2007562
2007563
2007564
2007565
2007566
2007567
2007568
2007569
2007570
2007571
2007572
2007573
2007574
2007575
2007576
2007577
2007578
2007579
2007580
2007581
2007582
2007583
2007584
2007585
2007586
2007587
2007588
2007589
2007590
2007591
2007592
2007593
2007594
2007595
2007596
2007597
2007598
2007599
2007600
2007601
2007602
2007603
2007604
2007605
2007606
2007607
2007608
2007609
2007610
2007611
2007612
2007613
2007614
2007615
2007616
2007617
2007618
2007619
2007620
2007621
2007622
2007623
2007624
2007625
2007626
2007627
2007628
2007629
2007630
2007631
2007632
2007633
2007634
2007635
2007636
2007637
2007638
2007639
2007640
2007641
2007642
2007643
2007644
2007645
2007646
2007647
2007648
2007649
2007650
2007651
2007652
2007653
2007654
2007655
2007656
2007657
2007658
2007659
2007660
2007661
2007662
2007663
2007664
2007665
2007666
2007667
2007668
2007669
2007670
2007671
2007672
2007673
2007674
2007675
2007676
2007677
2007678
2007679
2007680
2007681
2007682
2007683
2007684
2007685
2007686
2007687
2007688
2007689
2007690
2007691
2007692
2007693
2007694
2007695
2007696
2007697
2007698
2007699
2007700
2007701
2007702
2007703
2007704
2007705
2007706
2007707
2007708
2007709
2007710
2007711
2007712
2007713
2007714
2007715
2007716
2007717
2007718
2007719
2007720
2007721
2007722
2007723
2007724
2007725
2007726
2007727
2007728
2007729
2007730
2007731
2007732
2007733
2007734
2007735
2007736
2007737
2007738
2007739
2007740
2007741
2007742
2007743
2007744
2007745
2007746
2007747
2007748
2007749
2007750
2007751
2007752
2007753
2007754
2007755
2007756
2007757
2007758
2007759
2007760
2007761
2007762
2007763
2007764
2007765
2007766
2007767
2007768
2007769
2007770
2007771
2007772
2007773
2007774
2007775
2007776
2007777
2007778
2007779
2007780
2007781
2007782
2007783
2007784
2007785
2007786
2007787
2007788
2007789
2007790
2007791
2007792
2007793
2007794
2007795
2007796
2007797
2007798
2007799
2007800
2007801
2007802
2007803
2007804
2007805
2007806
2007807
2007808
2007809
2007810
2007811
2007812
2007813
2007814
2007815
2007816
2007817
2007818
2007819
2007820
2007821
2007822
2007823
2007824
2007825
2007826
2007827
2007828
2007829
2007830
2007831
2007832
2007833
2007834
2007835
2007836
2007837
2007838
2007839
2007840
2007841
2007842
2007843
2007844
2007845
2007846
2007847
2007848
2007849
2007850
2007851
2007852
2007853
2007854
2007855
2007856
2007857
2007858
2007859
2007860
2007861
2007862
2007863
2007864
2007865
2007866
2007867
2007868
2007869
2007870
2007871
2007872
2007873
2007874
2007875
2007876
2007877
2007878
2007879
2007880
2007881
2007882
2007883
2007884
2007885
2007886
2007887
2007888
2007889
2007890
2007891
2007892
2007893
2007894
2007895
2007896
2007897
2007898
2007899
2007900
2007901
2007902
2007903
2007904
2007905
2007906
2007907
2007908
2007909
2007910
2007911
2007912
2007913
2007914
2007915
2007916
2007917
2007918
2007919
2007920
2007921
2007922
2007923
2007924
2007925
2007926
2007927
2007928
2007929
2007930
2007931
2007932
2007933
2007934
2007935
2007936
2007937
2007938
2007939
2007940
2007941
2007942
2007943
2007944
2007945
2007946
2007947
2007948
2007949
2007950
2007951
2007952
2007953
2007954
2007955
2007956
2007957
2007958
2007959
2007960
2007961
2007962
2007963
2007964
2007965
2007966
2007967
2007968
2007969
2007970
2007971
2007972
2007973
2007974
2007975
2007976
2007977
2007978
2007979
2007980
2007981
2007982
2007983
2007984
2007985
2007986
2007987
2007988
2007989
2007990
2007991
2007992
2007993
2007994
2007995
2007996
2007997
2007998
2007999
2008000
2008001
2008002
2008003
2008004
2008005
2008006
2008007
2008008
2008009
2008010
2008011
2008012
2008013
2008014
2008015
2008016
2008017
2008018
2008019
2008020
2008021
2008022
2008023
2008024
2008025
2008026
2008027
2008028
2008029
2008030
2008031
2008032
2008033
2008034
2008035
2008036
2008037
2008038
2008039
2008040
2008041
2008042
2008043
2008044
2008045
2008046
2008047
2008048
2008049
2008050
2008051
2008052
2008053
2008054
2008055
2008056
2008057
2008058
2008059
2008060
2008061
2008062
2008063
2008064
2008065
2008066
2008067
2008068
2008069
2008070
2008071
2008072
2008073
2008074
2008075
2008076
2008077
2008078
2008079
2008080
2008081
2008082
2008083
2008084
2008085
2008086
2008087
2008088
2008089
2008090
2008091
2008092
2008093
2008094
2008095
2008096
2008097
2008098
2008099
2008100
2008101
2008102
2008103
2008104
2008105
2008106
2008107
2008108
2008109
2008110
2008111
2008112
2008113
2008114
2008115
2008116
2008117
2008118
2008119
2008120
2008121
2008122
2008123
2008124
2008125
2008126
2008127
2008128
2008129
2008130
2008131
2008132
2008133
2008134
2008135
2008136
2008137
2008138
2008139
2008140
2008141
2008142
2008143
2008144
2008145
2008146
2008147
2008148
2008149
2008150
2008151
2008152
2008153
2008154
2008155
2008156
2008157
2008158
2008159
2008160
2008161
2008162
2008163
2008164
2008165
2008166
2008167
2008168
2008169
2008170
2008171
2008172
2008173
2008174
2008175
2008176
2008177
2008178
2008179
2008180
2008181
2008182
2008183
2008184
2008185
2008186
2008187
2008188
2008189
2008190
2008191
2008192
2008193
2008194
2008195
2008196
2008197
2008198
2008199
2008200
2008201
2008202
2008203
2008204
2008205
2008206
2008207
2008208
2008209
2008210
2008211
2008212
2008213
2008214
2008215
2008216
2008217
2008218
2008219
2008220
2008221
2008222
2008223
2008224
2008225
2008226
2008227
2008228
2008229
2008230
2008231
2008232
2008233
2008234
2008235
2008236
2008237
2008238
2008239
2008240
2008241
2008242
2008243
2008244
2008245
2008246
2008247
2008248
2008249
2008250
2008251
2008252
2008253
2008254
2008255
2008256
2008257
2008258
2008259
2008260
2008261
2008262
2008263
2008264
2008265
2008266
2008267
2008268
2008269
2008270
2008271
2008272
2008273
2008274
2008275
2008276
2008277
2008278
2008279
2008280
2008281
2008282
2008283
2008284
2008285
2008286
2008287
2008288
2008289
2008290
2008291
2008292
2008293
2008294
2008295
2008296
2008297
2008298
2008299
2008300
2008301
2008302
2008303
2008304
2008305
2008306
2008307
2008308
2008309
2008310
2008311
2008312
2008313
2008314
2008315
2008316
2008317
2008318
2008319
2008320
2008321
2008322
2008323
2008324
2008325
2008326
2008327
2008328
2008329
2008330
2008331
2008332
2008333
2008334
2008335
2008336
2008337
2008338
2008339
2008340
2008341
2008342
2008343
2008344
2008345
2008346
2008347
2008348
2008349
2008350
2008351
2008352
2008353
2008354
2008355
2008356
2008357
2008358
2008359
2008360
2008361
2008362
2008363
2008364
2008365
2008366
2008367
2008368
2008369
2008370
2008371
2008372
2008373
2008374
2008375
2008376
2008377
2008378
2008379
2008380
2008381
2008382
2008383
2008384
2008385
2008386
2008387
2008388
2008389
2008390
2008391
2008392
2008393
2008394
2008395
2008396
2008397
2008398
2008399
2008400
2008401
2008402
2008403
2008404
2008405
2008406
2008407
2008408
2008409
2008410
2008411
2008412
2008413
2008414
2008415
2008416
2008417
2008418
2008419
2008420
2008421
2008422
2008423
2008424
2008425
2008426
2008427
2008428
2008429
2008430
2008431
2008432
2008433
2008434
2008435
2008436
2008437
2008438
2008439
2008440
2008441
2008442
2008443
2008444
2008445
2008446
2008447
2008448
2008449
2008450
2008451
2008452
2008453
2008454
2008455
2008456
2008457
2008458
2008459
2008460
2008461
2008462
2008463
2008464
2008465
2008466
2008467
2008468
2008469
2008470
2008471
2008472
2008473
2008474
2008475
2008476
2008477
2008478
2008479
2008480
2008481
2008482
2008483
2008484
2008485
2008486
2008487
2008488
2008489
2008490
2008491
2008492
2008493
2008494
2008495
2008496
2008498
2008499
2008500
2008501
2008502
2008503
2008504
2008505
2008506
2008507
2008508
2008509
2008510
2008511
2008512
2008513
2008514
2008515
2008516
2008517
2008518
2008519
2008520
2008521
2008522
2008523
2008524
2008525
2008526
2008527
2008528
2008529
2008530
2008531
2008532
2008533
2008534
2008535
2008536
2008537
2008538
2008539
2008540
2008541
2008542
2008543
2008544
2008545
2008546
2008547
2008548
2008549
2008550
2008551
2008552
2008553
2008554
2008555
2008556
2008557
2008558
2008559
2008560
2008561
2008562
2008563
2008564
2008565
2008566
2008567
2008568
2008569
2008570
2008571
2008572
2008573
2008574
2008575
2008576
2008577
2008578
2008579
2008580
2008581
2008582
2008583
2008584
2008585
2008586
2008587
2008588
2008589
2008590
2008591
2008592
2008593
2008594
2008595
2008596
2008597
2008598
2008599
2008600
2008601
2008602
2008603
2008604
2008605
2008606
2008607
2008608
2008609
2008610
2008611
2008612
2008613
2008614
2008615
2008616
2008617
2008618
2008619
2008620
2008621
2008622
2008623
2008624
2008625
2008626
2008627
2008628
2008629
2008630
2008631
2008632
2008633
2008634
2008635
2008636
2008637
2008638
2008639
2008640
2008641
2008642
2008643
2008644
2008645
2008646
2008647
2008648
2008649
2008650
2008651
2008652
2008653
2008654
2008655
2008656
2008657
2008658
2008659
2008660
2008661
2008662
2008663
2008664
2008665
2008666
2008667
2008668
2008669
2008670
2008671
2008672
2008673
2008674
2008675
2008676
2008677
2008678
2008679
2008680
2008681
2008682
2008683
2008684
2008685
2008686
2008687
2008688
2008689
2008690
2008691
2008692
2008693
2008694
2008695
2008696
2008697
2008698
2008699
2008700
2008701
2008702
2008703
2008704
2008705
2008706
2008707
2008708
2008709
2008710
2008711
2008712
2008713
2008714
2008715
2008716
2008717
2008718
2008719
2008720
2008721
2008722
2008723
2008724
2008725
2008726
2008727
2008728
2008729
2008730
2008731
2008732
2008733
2008734
2008735
2008736
2008737
2008738
2008739
2008740
2008741
2008742
2008743
2008744
2008745
2008746
2008747
2008748
2008749
2008750
2008751
2008752
2008753
2008754
2008755
2008756
2008757
2008758
2008759
2008760
2008761
2008762
2008763
2008764
2008765
2008766
2008767
2008768
2008769
2008770
2008771
2008772
2008773
2008774
2008775
2008776
2008777
2008778
2008779
2008780
2008781
2008782
2008783
2008784
2008785
2008786
2008787
2008788
2008789
2008790
2008791
2008792
2008793
2008794
2008795
2008796
2008797
2008798
2008799
2008800
2008801
2008802
2008803
2008804
2008805
2008806
2008807
2008808
2008809
2008810
2008811
2008812
2008813
2008814
2008815
2008816
2008817
2008818
2008819
2008820
2008821
2008822
2008823
2008824
2008825
2008826
2008827
2008828
2008829
2008830
2008831
2008832
2008833
2008834
2008835
2008836
2008837
2008838
2008839
2008840
2008841
2008842
2008843
2008844
2008845
2008846
2008847
2008848
2008849
2008850
2008851
2008852
2008853
2008854
2008855
2008856
2008857
2008858
2008859
2008860
2008861
2008862
2008863
2008864
2008865
2008866
2008867
2008868
2008869
2008870
2008871
2008872
2008873
2008874
2008875
2008876
2008877
2008878
2008879
2008880
2008881
2008882
2008883
2008884
2008885
2008886
2008887
2008888
2008889
2008890
2008891
2008892
2008893
2008894
2008895
2008896
2008897
2008898
2008899
2008900
2008901
2008902
2008903
2008904
2008905
2008906
2008907
2008908
2008909
2008910
2008911
2008912
2008913
2008914
2008915
2008916
2008917
2008918
2008919
2008920
2008921
2008922
2008923
2008924
2008925
2008926
2008927
2008928
2008929
2008930
2008931
2008932
2008933
2008934
2008935
2008936
2008937
2008938
2008939
2008940
2008941
2008942
2008943
2008944
2008945
2008946
2008947
2008948
2008949
2008950
2008951
2008952
2008953
2008954
2008955
2008956
2008957
2008958
2008959
2008960
2008961
2008962
2008963
2008964
2008965
2008966
2008967
2008968
2008969
2008970
2008971
2008972
2008973
2008974
2008975
2008976
2008977
2008978
2008979
2008980
2008981
2008982
2008983
2008984
2008985
2008986
2008987
2008988
2008989
2008990
2008991
2008992
2008993
2008994
2008995
2008996
2008997
2008998
2008999
2009000
2009001
2009002
2009003
2009004
2009005
2009006
2009007
2009008
2009009
2009010
2009011
2009012
2009013
2009014
2009015
2009016
2009017
2009018
2009019
2009020
2009021
2009022
2009023
2009024
2009025
2009026
2009027
2009028
2009029
2009030
2009031
2009032
2009033
2009034
2009035
2009036
2009037
2009038
2009039
2009040
2009041
2009042
2009043
2009044
2009045
2009046
2009047
2009048
2009049
2009050
2009051
2009052
2009053
2009054
2009055
2009056
2009057
2009058
2009059
2009060
2009061
2009062
2009063
2009064
2009065
2009066
2009067
2009068
2009069
2009070
2009071
2009072
2009073
2009074
2009075
2009076
2009077
2009078
2009079
2009080
2009081
2009082
2009083
2009084
2009085
2009086
2009087
2009088
2009089
2009090
2009091
2009092
2009093
2009094
2009095
2009096
2009097
2009098
2009099
2009100
2009101
2009102
2009103
2009104
2009105
2009106
2009107
2009108
2009109
2009110
2009111
2009112
2009113
2009114
2009115
2009116
2009117
2009118
2009119
2009120
2009121
2009122
2009123
2009124
2009125
2009126
2009127
2009128
2009129
2009130
2009131
2009132
2009133
2009134
2009135
2009136
2009137
2009138
2009139
2009140
2009141
2009142
2009143
2009144
2009145
2009146
2009147
2009148
2009149
2009150
2009151
2009152
2009153
2009154
2009155
2009156
2009157
2009158
2009159
2009160
2009161
2009162
2009163
2009164
2009165
2009166
2009167
2009168
2009169
2009170
2009171
2009172
2009173
2009174
2009175
2009176
2009177
2009178
2009179
2009180
2009181
2009182
2009183
2009184
2009185
2009186
2009187
2009188
2009189
2009190
2009191
2009192
2009193
2009194
2009195
2009196
2009197
2009198
2009199
2009200
2009201
2009202
2009203
2009204
2009205
2009206
2009207
2009208
2009209
2009210
2009211
2009212
2009213
2009214
2009215
2009216
2009217
2009218
2009219
2009220
2009221
2009222
2009223
2009224
2009225
2009226
2009227
2009228
2009229
2009230
2009231
2009232
2009233
2009234
2009235
2009236
2009237
2009238
2009239
2009240
2009241
2009242
2009243
2009244
2009245
2009246
2009247
2009248
2009249
2009250
2009251
2009252
2009253
2009254
2009255
2009256
2009257
2009258
2009259
2009260
2009261
2009262
2009263
2009264
2009265
2009266
2009267
2009268
2009269
2009270
2009271
2009272
2009273
2009274
2009275
2009276
2009277
2009278
2009279
2009280
2009281
2009282
2009283
2009284
2009285
2009286
2009287
2009288
2009289
2009290
2009291
2009292
2009293
2009294
2009295
2009296
2009297
2009298
2009299
2009300
2009301
2009302
2009303
2009304
2009305
2009306
2009307
2009308
2009309
2009310
2009311
2009312
2009313
2009314
2009315
2009316
2009317
2009318
2009319
2009320
2009321
2009322
2009323
2009324
2009325
2009326
2009327
2009328
2009329
2009330
2009331
2009332
2009333
2009334
2009335
2009336
2009337
2009338
2009339
2009340
2009341
2009342
2009343
2009344
2009345
2009346
2009347
2009348
2009349
2009350
2009351
2009352
2009353
2009354
2009355
2009356
2009357
2009358
2009359
2009360
2009361
2009362
2009363
2009364
2009365
2009366
2009367
2009368
2009369
2009370
2009371
2009372
2009373
2009374
2009375
2009376
2009377
2009378
2009379
2009380
2009381
2009382
2009383
2009384
2009385
2009386
2009387
2009388
2009389
2009390
2009391
2009392
2009393
2009394
2009395
2009396
2009397
2009398
2009399
2009400
2009401
2009402
2009403
2009404
2009405
2009406
2009407
2009408
2009409
2009410
2009411
2009412
2009413
2009414
2009415
2009416
2009417
2009418
2009419
2009420
2009421
2009422
2009423
2009424
2009425
2009426
2009427
2009428
2009429
2009430
2009431
2009432
2009433
2009434
2009435
2009436
2009437
2009438
2009439
2009440
2009441
2009442
2009443
2009444
2009445
2009446
2009447
2009448
2009449
2009450
2009451
2009452
2009453
2009454
2009455
2009456
2009457
2009458
2009459
2009460
2009461
2009462
2009463
2009465
2009466
2009467
2009468
2009469
2009470
2009471
2009472
2009473
2009474
2009475
2009476
2009477
2009478
2009479
2009480
2009481
2009482
2009483
2009484
2009485
2009486
2009487
2009488
2009489
2009490
2009491
2009492
2009493
2009494
2009495
2009496
2009497
2009498
2009499
2009500
2009501
2009502
2009503
2009504
2009505
2009506
2009507
2009508
2009509
2009510
2009511
2009512
2009513
2009514
2009515
2009516
2009517
2009518
2009519
2009520
2009521
2009522
2009523
2009524
2009525
2009526
2009527
2009528
2009529
2009530
2009531
2009532
2009533
2009534
2009535
2009536
2009537
2009538
2009539
2009540
2009541
2009542
2009543
2009544
2009545
2009546
2009547
2009548
2009549
2009550
2009551
2009552
2009553
2009554
2009555
2009556
2009557
2009558
2009559
2009560
2009561
2009562
2009563
2009564
2009565
2009566
2009567
2009568
2009569
2009570
2009571
2009572
2009573
2009574
2009575
2009576
2009577
2009578
2009579
2009580
2009581
2009582
2009583
2009584
2009585
2009586
2009587
2009588
2009589
2009590
2009591
2009592
2009593
2009594
2009595
2009596
2009597
2009598
2009599
2009600
2009601
2009602
2009603
2009604
2009605
2009606
2009607
2009608
2009609
2009610
2009611
2009612
2009613
2009614
2009615
2009616
2009617
2009618
2009619
2009620
2009621
2009622
2009623
2009624
2009625
2009626
2009627
2009628
2009629
2009630
2009631
2009632
2009635
2009636
2009637
2009638
2009639
2009640
2009641
2009642
2009643
2009644
2009645
2009646
2009647
2009648
2009649
2009650
2009651
2009652
2009653
2009654
2009655
2009656
2009657
2009658
2009659
2009660
2009661
2009662
2009663
2009664
2009665
2009666
2009667
2009668
2009669
2009670
2009671
2009672
2009673
2009674
2009675
2009676
2009677
2009678
2009679
2009680
2009681
2009682
2009683
2009684
2009685
2009686
2009687
2009688
2009689
2009690
2009691
2009692
2009693
2009694
2009695
2009696
2009697
2009698
2009699
2009700
2009701
2009702
2009703
2009704
2009705
2009706
2009707
2009708
2009709
2009710
2009711
2009712
2009713
2009714
2009715
2009716
2009717
2009718
2009719
2009720
2009721
2009722
2009723
2009724
2009725
2009726
2009727
2009728
2009729
2009730
2009731
2009732
2009733
2009734
2009735
2009736
2009737
2009738
2009739
2009740
2009741
2009742
2009743
2009744
2009745
2009746
2009747
2009748
2009749
2009750
2009751
2009752
2009753
2009754
2009755
2009756
2009757
2009758
2009759
2009760
2009761
2009762
2009763
2009764
2009765
2009766
2009767
2009768
2009769
2009770
2009771
2009772
2009773
2009774
2009775
2009776
2009777
2009778
2009779
2009780
2009781
2009782
2009783
2009784
2009785
2009786
2009787
2009788
2009789
2009790
2009791
2009792
2009793
2009794
2009795
2009796
2009797
2009798
2009799
2009800
2009801
2009802
2009803
2009804
2009805
2009806
2009807
2009808
2009809
2009810
2009811
2009812
2009813
2009814
2009815
2009816
2009817
2009818
2009819
2009820
2009821
2009822
2009823
2009824
2009825
2009826
2009827
2009828
2009829
2009830
2009831
2009832
2009833
2009834
2009835
2009836
2009837
2009838
2009839
2009840
2009841
2009842
2009843
2009844
2009845
2009846
2009847
2009848
2009849
2009850
2009851
2009852
2009853
2009854
2009855
2009856
2009857
2009858
2009859
2009860
2009861
2009862
2009863
2009864
2009865
2009866
2009867
2009868
2009869
2009870
2009871
2009872
2009873
2009874
2009875
2009876
2009877
2009878
2009879
2009880
2009881
2009882
2009883
2009884
2009885
2009886
2009887
2009888
2009889
2009890
2009891
2009892
2009893
2009894
2009895
2009896
2009897
2009898
2009899
2009900
2009901
2009902
2009903
2009904
2009905
2009906
2009907
2009908
2009909
2009910
2009911
2009912
2009913
2009914
2009915
2009916
2009917
2009918
2009919
2009920
2009921
2009922
2009923
2009924
2009925
2009926
2009927
2009928
2009929
2009930
2009931
2009932
2009933
2009934
2009935
2009936
2009937
2009938
2009939
2009940
2009941
2009942
2009943
2009944
2009945
2009946
2009947
2009948
2009949
2009950
2009951
2009952
2009953
2009954
2009955
2009956
2009957
2009958
2009959
2009960
2009961
2009962
2009963
2009964
2009965
2009966
2009967
2009968
2009969
2009970
2009971
2009972
2009973
2009974
2009975
2009976
2009977
2009978
2009979
2009980
2009981
2009982
2009983
2009984
2009985
2009986
2009987
2009988
2009989
2009990
2009991
2009992
2009993
2009994
2009995
2009996
2009997
2009998
2009999
2010000
2010001
2010002
2010003
2010004
2010005
2010006
2010007
2010008
2010009
2010010
2010011
2010012
2010013
2010014
2010015
2010016
2010017
2010018
2010019
2010020
2010021
2010022
2010023
2010024
2010025
2010026
2010027
2010028
2010029
2010030
2010031
2010032
2010033
2010034
2010035
2010036
2010037
2010038
2010039
2010040
2010041
2010042
2010043
2010044
2010045
2010046
2010047
2010048
2010049
2010050
2010051
2010052
2010053
2010054
2010055
2010056
2010057
2010058
2010059
2010060
2010061
2010062
2010063
2010064
2010065
2010066
2010067
2010068
2010069
2010070
2010071
2010072
2010073
2010074
2010075
2010076
2010077
2010078
2010079
2010080
2010081
2010082
2010083
2010084
2010085
2010086
2010087
2010088
2010089
2010090
2010091
2010092
2010093
2010094
2010095
2010096
2010097
2010098
2010099
2010100
2010101
2010102
2010103
2010104
2010105
2010106
2010107
2010108
2010109
2010110
2010111
2010112
2010113
2010114
2010115
2010116
2010117
2010118
2010119
2010120
2010121
2010122
2010123
2010124
2010125
2010126
2010127
2010128
2010129
2010130
2010131
2010132
2010133
2010134
2010135
2010136
2010137
2010138
2010139
2010140
2010141
2010142
2010143
2010144
2010145
2010146
2010147
2010148
2010149
2010150
2010151
2010152
2010153
2010154
2010155
2010156
2010157
2010158
2010159
2010160
2010161
2010162
2010163
2010164
2010165
2010166
2010167
2010168
2010169
2010170
2010171
2010172
2010173
2010174
2010175
2010176
2010177
2010178
2010179
2010180
2010181
2010182
2010183
2010184
2010185
2010186
2010187
2010188
2010189
2010190
2010191
2010192
2010193
2010194
2010195
2010196
2010197
2010198
2010199
2010200
2010201
2010202
2010203
2010204
2010205
2010206
2010207
2010208
2010209
2010210
2010211
2010212
2010213
2010214
2010215
2010216
2010217
2010218
2010219
2010220
2010221
2010222
2010223
2010224
2010225
2010226
2010227
2010228
2010229
2010230
2010231
2010232
2010233
2010234
2010235
2010236
2010237
2010238
2010239
2010240
2010241
2010242
2010243
2010244
2010245
2010246
2010247
2010248
2010249
2010250
2010251
2010252
2010253
2010254
2010255
2010256
2010257
2010258
2010259
2010260
2010261
2010262
2010263
2010264
2010265
2010266
2010267
2010268
2010269
2010270
2010271
2010272
2010273
2010274
2010275
2010276
2010277
2010278
2010279
2010280
2010281
2010282
2010283
2010284
2010285
2010286
2010287
2010288
2010289
2010290
2010291
2010292
2010293
2010294
2010295
2010296
2010297
2010298
2010299
2010300
2010301
2010302
2010303
2010304
2010305
2010306
2010307
2010308
2010309
2010310
2010311
2010312
2010313
2010314
2010315
2010316
2010317
2010318
2010319
2010320
2010321
2010322
2010323
2010324
2010325
2010326
2010327
2010328
2010329
2010330
2010331
2010332
2010333
2010334
2010335
2010337
2010338
2010339
2010340
2010341
2010342
2010343
2010344
2010345
2010346
2010347
2010348
2010349
2010350
2010351
2010352
2010353
2010354
2010355
2010356
2010357
2010358
2010359
2010360
2010361
2010362
2010363
2010364
2010365
2010367
2010368
2010369
2010370
2010371
2010372
2010373
2010374
2010375
2010376
2010377
2010378
2010379
2010382
2010383
2010385
2010386
2010387
2010388
2010389
2010390
2010391
2010392
2010393
2010394
2010395
2010396
2010397
2010398
2010399
2010400
2010401
2010402
2010403
2010404
2010406
2010407
2010408
2010409
2010410
2010411
2010412
2010413
2010414
2010415
2010416
2010417
2010418
2010419
2010420
2010421
2010422
2010423
2010424
2010425
2010426
2010427
2010428
2010429
2010430
2010433
2010434
2010436
2010437
2010438
2010440
2010442
2010443
2010444
2010445
2010446
2010447
2010448
2010449
2010450
2010451
2010452
2010453
2010454
2010455
2010456
2010457
2010458
2010459
2010460
2010461
2010462
2010463
2010464
2010465
2010466
2010467
2010468
2010469
2010470
2010471
2010472
2010473
2010474
2010475
2010476
2010478
2010479
2010480
2010481
2010482
2010483
2010484
2010485
2010486
2010488
2010489
2010491
2010492
2010493
2010494
2010495
2010496
2010497
2010498
2010499
2010501
2010502
2010503
2010504
2010505
2010506
2010507
2010508
2010509
2010510
2010511
2010512
2010513
2010514
2010515
2010516
2010517
2010518
2010519
2010520
2010521
2010522
2010523
2010524
2010525
2010526
2010527
2010528
2010529
2010530
2010531
2010532
2010533
2010534
2010535
2010536
2010537
2010538
2010539
2010540
2010541
2010542
2010543
2010544
2010545
2010546
2010547
2010553
2010554
2010555
2010556
2010557
2010558
2010559
2010560
2010561
2010562
2010563
2010564
2010565
2010566
2010567
2010568
2010569
2010570
2010571
2010572
2010573
2010574
2010575
2010576
2010577
2010578
2010579
2010580
2010581
2010582
2010583
2010584
2010585
2010586
2010587
2010588
2010589
2010590
2010591
2010592
2010593
2010594
2010595
2010596
2010597
2010598
2010599
2010600
2010601
2010602
2010603
2010604
2010605
2010606
2010607
2010608
2010609
2010610
2010611
2010612
2010613
2010614
2010615
2010616
2010617
2010618
2010619
2010620
2010621
2010622
2010623
2010624
2010625
2010626
2010627
2010628
2010629
2010630
2010631
2010632
2010633
2010634
2010635
2010636
2010637
2010638
2010639
2010640
2010641
2010642
2010643
2010644
2010645
2010646
2010647
2010648
2010649
2010650
2010651
2010652
2010653
2010654
2010655
2010656
2010657
2010658
2010659
2010660
2010661
2010662
2010663
2010664
2010665
2010666
2010667
2010668
2010669
2010670
2010671
2010672
2010673
2010674
2010675
2010676
2010677
2010678
2010679
2010680
2010681
2010682
2010683
2010684
2010685
2010686
2010687
2010688
2010689
2010690
2010691
2010692
2010693
2010694
2010695
2010696
2010697
2010698
2010699
2010700
2010701
2010702
2010703
2010704
2010705
2010706
2010707
2010708
2010709
2010710
2010711
2010712
2010713
2010714
2010715
2010716
2010717
2010718
2010719
2010720
2010721
2010722
2010723
2010724
2010725
2010726
2010727
2010728
2010729
2010730
2010731
2010732
2010733
2010734
2010735
2010736
2010737
2010738
2010739
2010740
2010741
2010742
2010743
2010744
2010745
2010746
2010747
2010748
2010749
2010750
2010751
2010752
2010753
2010754
2010755
2010756
2010757
2010758
2010759
2010760
2010761
2010762
2010763
2010764
2010765
2010766
2010767
2010768
2010769
2010770
2010771
2010772
2010773
2010774
2010775
2010776
2010777
2010778
2010779
2010780
2010781
2010782
2010783
2010784
2010785
2010786
2010787
2010788
2010789
2010790
2010791
2010792
2010793
2010794
2010795
2010796
2010797
2010798
2010799
2010800
2010801
2010802
2010803
2010804
2010805
2010806
2010807
2010808
2010809
2010810
2010811
2010812
2010813
2010814
2010815
2010816
2010817
2010818
2010819
2010820
2010821
2010822
2010823
2010824
2010825
2010826
2010827
2010828
2010829
2010830
2010831
2010832
2010833
2010834
2010835
2010836
2010837
2010838
2010839
2010840
2010841
2010842
2010843
2010844
2010845
2010846
2010847
2010848
2010849
2010850
2010851
2010852
2010853
2010854
2010855
2010856
2010857
2010858
2010859
2010860
2010861
2010862
2010863
2010864
2010865
2010866
2010867
2010868
2010869
2010870
2010871
2010872
2010873
2010874
2010875
2010876
2010877
2010878
2010879
2010880
2010881
2010882
2010883
2010884
2010885
2010886
2010887
2010888
2010889
2010890
2010891
2010892
2010893
2010894
2010895
2010896
2010897
2010898
2010899
2010900
2010901
2010902
2010903
2010904
2010905
2010906
2010907
2010908
2010909
2010910
2010911
2010912
2010913
2010914
2010915
2010916
2010917
2010918
2010919
2010920
2010921
2010922
2010923
2010924
2010925
2010926
2010927
2010928
2010929
2010930
2010931
2010932
2010933
2010934
2010935
2010936
2010937
2010938
2010939
2010940
2010941
2010942
2010943
2010944
2010945
2010946
2010947
2010948
2010949
2010950
2010951
2010952
2010953
2010954
2010955
2010956
2010957
2010958
2010959
2010960
2010961
2010962
2010963
2010964
2010965
2010966
2010967
2010968
2010969
2010970
2010971
2010972
2010973
2010974
2010975
2010976
2010977
2010978
2010979
2010980
2010981
2010982
2010983
2010984
2010985
2010986
2010987
2010988
2010989
2010990
2010991
2010992
2010993
2010994
2010995
2010996
2010997
2010998
2010999
2011000
2011001
2011002
2011003
2011004
2011005
2011006
2011007
2011008
2011009
2011010
2011011
2011012
2011013
2011014
2011015
2011016
2011017
2011018
2011019
2011020
2011021
2011022
2011023
2011024
2011025
2011026
2011027
2011028
2011029
2011030
2011031
2011032
2011033
2011034
2011035
2011036
2011037
2011038
2011039
2011040
2011041
2011042
2011043
2011044
2011045
2011046
2011047
2011048
2011049
2011050
2011051
2011052
2011053
2011054
2011055
2011056
2011057
2011058
2011059
2011060
2011061
2011062
2011063
2011064
2011065
2011066
2011067
2011068
2011069
2011070
2011071
2011072
2011073
2011074
2011075
2011076
2011077
2011078
2011079
2011080
2011081
2011082
2011083
2011084
2011085
2011086
2011087
2011088
2011089
2011090
2011091
2011092
2011093
2011094
2011095
2011096
2011097
2011098
2011099
2011100
2011101
2011102
2011103
2011104
2011105
2011106
2011107
2011108
2011109
2011110
2011111
2011112
2011113
2011114
2011115
2011116
2011117
2011118
2011119
2011120
2011121
2011122
2011123
2011124
2011125
2011126
2011127
2011128
2011129
2011130
2011131
2011132
2011133
2011134
2011135
2011136
2011137
2011138
2011139
2011140
2011141
2011142
2011143
2011144
2011145
2011146
2011147
2011148
2011149
2011150
2011151
2011152
2011153
2011154
2011155
2011156
2011157
2011158
2011159
2011160
2011161
2011162
2011163
2011164
2011165
2011166
2011167
2011168
2011169
2011170
2011171
2011172
2011173
2011174
2011175
2011176
2011177
2011178
2011179
2011180
2011181
2011182
2011183
2011184
2011185
2011186
2011187
2011188
2011189
2011190
2011191
2011192
2011193
2011194
2011195
2011196
2011197
2011198
2011199
2011200
2011201
2011202
2011203
2011204
2011205
2011206
2011207
2011208
2011209
2011210
2011211
2011212
2011213
2011214
2011215
2011216
2011217
2011218
2011219
2011220
2011221
2011222
2011223
2011224
2011225
2011226
2011227
2011228
2011229
2011230
2011231
2011232
2011233
2011234
2011235
2011236
2011237
2011238
2011239
2011240
2011241
2011242
2011243
2011244
2011245
2011246
2011247
2011248
2011249
2011250
2011251
2011252
2011253
2011254
2011255
2011256
2011257
2011258
2011259
2011260
2011261
2011262
2011263
2011264
2011265
2011266
2011267
2011268
2011269
2011270
2011271
2011272
2011273
2011274
2011275
2011276
2011277
2011278
2011279
2011280
2011281
2011282
2011283
2011284
2011285
2011286
2011287
2011288
2011289
2011290
2011291
2011292
2011293
2011294
2011295
2011296
2011297
2011298
2011299
2011300
2011301
2011302
2011303
2011304
2011305
2011306
2011307
2011308
2011309
2011310
2011311
2011312
2011313
2011314
2011315
2011316
2011317
2011318
2011319
2011320
2011321
2011322
2011323
2011324
2011325
2011326
2011327
2011328
2011329
2011330
2011331
2011332
2011333
2011334
2011335
2011336
2011337
2011338
2011339
2011340
2011341
2011342
2011343
2011344
2011345
2011346
2011347
2011348
2011349
2011350
2011351
2011352
2011353
2011354
2011355
2011356
2011357
2011358
2011359
2011360
2011361
2011362
2011363
2011364
2011365
2011366
2011367
2011368
2011369
2011370
2011371
2011372
2011373
2011374
2011375
2011376
2011377
2011378
2011379
2011380
2011381
2011382
2011383
2011384
2011385
2011386
2011387
2011388
2011389
2011390
2011391
2011392
2011393
2011394
2011395
2011396
2011397
2011398
2011399
2011400
2011401
2011402
2011403
2011404
2011405
2011406
2011407
2011408
2011409
2011410
2011411
2011412
2011413
2011414
2011415
2011416
2011417
2011418
2011419
2011420
2011421
2011422
2011423
2011424
2011425
2011426
2011427
2011428
2011429
2011430
2011431
2011432
2011433
2011434
2011435
2011436
2011437
2011438
2011439
2011440
2011441
2011442
2011443
2011444
2011445
2011446
2011447
2011448
2011449
2011450
2011451
2011452
2011453
2011454
2011455
2011456
2011457
2011458
2011459
2011460
2011461
2011462
2011463
2011464
2011465
2011466
2011467
2011468
2011469
2011470
2011471
2011472
2011473
2011474
2011475
2011476
2011477
2011478
2011479
2011480
2011481
2011482
2011483
2011484
2011485
2011486
2011487
2011488
2011489
2011490
2011491
2011492
2011493
2011494
2011495
2011496
2011497
2011498
2011499
2011500
2011501
2011502
2011503
2011504
2011505
2011506
2011507
2011508
2011509
2011510
2011511
2011512
2011513
2011514
2011515
2011516
2011517
2011518
2011519
2011520
2011521
2011522
2011523
2011524
2011525
2011526
2011527
2011528
2011529
2011530
2011531
2011532
2011533
2011534
2011535
2011536
2011537
2011538
2011539
2011540
2011541
2011542
2011544
2011545
2011546
2011547
2011548
2011549
2011550
2011551
2011552
2011553
2011554
2011555
2011556
2011557
2011558
2011559
2011560
2011561
2011562
2011563
2011564
2011565
2011567
2011568
2011569
2011570
2011571
2011572
2011573
2011574
2011576
2011577
2011578
2011579
2011580
2011581
2011582
2011583
2011584
2011585
2011586
2011587
2011588
2011589
2011590
2011591
2011592
2011593
2011594
2011595
2011596
2011597
2011598
2011599
2011600
2011601
2011602
2011603
2011604
2011605
2011606
2011607
2011608
2011609
2011610
2011611
2011612
2011613
2011614
2011615
2011616
2011617
2011618
2011619
2011620
2011621
2011622
2011623
2011624
2011625
2011626
2011627
2011628
2011629
2011630
2011631
2011632
2011633
2011634
2011635
2011636
2011637
2011638
2011639
2011640
2011641
2011642
2011643
2011644
2011645
2011646
2011647
2011648
2011649
2011650
2011651
2011652
2011653
2011654
2011655
2011656
2011657
2011658
2011659
2011660
2011661
2011662
2011663
2011664
2011665
2011666
2011667
2011668
2011669
2011670
4060022
4060023
4060024
4060025
4060026
4060027
4060028
4060029
4060030
4060031
4060032
4060033
4060034
4060035
4060036
4060037
4060038
4060039
4060040
4060041
4060042
4060043
4060044
4060045
4060046
4060047
4060048
4060049
4060050
4060051
4060052
4060053
4060054
4060055
4060056
4060057
4060058
4060059
4060060
4060061
4060062
4060063
4060064
4060065
4060066
4060067
4060068
4060069
4060070
4060071
4060072
4060073
4060074
4060075
4060076
4060077
4060078
4060079
4060080
4060081
4060082
4060083
4060084
4060085
4060086
4060087
4060088
4060089
4060090
4060091
4060092
4060093
4060094
4060095
4060096
4060097
4060098
4060099
4060100
4060101
4060102
4060103
4060104
4060105
4060106
4060107
4060108
4060109
4060110
4060111
4060112
4060113
4060114
4060115
4060116
4060117
4060118
4060119
4060120
4060121
4060122
4060123
4060124
4060125
4060126
4060127
4060128
4060129
4060130
4060131
4060132
4060133
4060134
4060135
4060136
4060137
4060138
4060139
4060140
4060141
4060142
4060143
4060144
4060145
4060146
4060147
4060148
4060149
4060150
4060151
4060152
4060153
4060154
4060155
4060156
4060157
4060158
4060159
4060160
4060161
4060162
4060163
4060164
4060165
4060166
4060167
4060168
4060169
4060170
4060171
4060172
4060173
4060174
4060175
4060176
4060177
4060178
4060179
4060180
4060181
4060182
4060183
4060184
4060185
4060186
4060187
4060188
4060189
4060190
4060191
4060192
4060218
4060219
4060220
4060221
4060222
4060223
4060224
4060225
4060226
4060227
4060228
4060229
4060230
4060231
4060232
4060233
4060234
4060235
4060236
4060237
4060238
4060239
4060240
4060241
4060242
4060243
4060244
4060246
4060247
4060248
4060249
4060250
4060251
4060252
4060253
4060254
4060255
4060256
4060257
4060258
4060259
4060260
4060261
4060262
4060263
4060264
4060265
4060266
4060267
4060268
4060269
4060270
4060271
4060272
4060273
4060274
4060275
4060276
4060277
4060278
4060279
4060280
4060281
4060282
4060283
4060284
4060285
4060286
4060287
4060288
4060289
4060290
4060291
4060292
4060293
4060294
4060295
4060296
4060297
4060298
4060299
4060300
4060301
4060302
4060303
4060304
4060305
4060306
4060307
4060308
4060309
4060310
4060311
4060312
4060313
4060314
4060315
4060316
4060317
4060318
4060319
4060320
4060321
4060322
4060323
4060324
4060325
4060326
4060327
4060328
4060329
4060330
4060331
4060333
4060334
4060335
4060336
4060337
4060338
4060339
4060340
4060341
4060342
4060343
4060344
4060345
4060346
4060347
4060348
4060349
4060350
4060351
4060352
4060353
4060354
4060355
4060356
4060357
4060362
4060363
4060364
4060365
4060367
4060368
4060369
4060370
4060371
4060372
4060373
4060374
4060375
4060376
4060377
4060378
4060379
4060380
4060381
4060382
4060385
4060386
4060387
4060391
4060392
4060393
4060394
4060395
4060396
4060397
4060398
4060399
4060400
4060401
4060402
4060403
4060404
4060405
4060406
4060407
4060408
4060409
4060411
4060412
4060413
4060414
4060415
4060416
4060417
4060418
4060419
4060420
4060421
4060422
4060423
4060424
4060425
4060426
4060427
4060428
4060429
4060430
4060431
4060432
4060433
4060434
4060435
4060436
4060437
4060438
4060439
4060440
4060441
4060442
4060443
4060444
4060445
4060446
4060447
4060448
4060449
4060450
4060451
4060452
4060453
4060454
4060460
4060461
4060462
4060463
4060464
4060465
4060466
4060467
4060468
4060469
4060470
4060471
4060472
4060473
4060474
4060475
4060476
4060477
4060478
4060479
4060480
4060481
4060482
4060483
4060484
4060485
4060486
4060487
4060488
4060489
4060490
4060494
4060495
4060496
4060497
4060498
4060499
4060500
4060501
4060502
4060503
4060504
4060505